41 69 660

0

0

0

0

0

0

0

0

0

0

0

0

0

0

0

0

0

0

0

0

0

0

0

0

0

0

0

0

0

12
15 29 15 32 16 29 16 31 16 33 17 29 17 33 18 29 18 30 18 33 19 30 19 31 
12
14 30 14 32 15 31 15 33 16 29 16 33 17 30 17 31 17 33 18 30 18 31 18 32 
14
14 29 14 31 14 32 15 30 15 32 16 28 16 29 16 30 16 31 16 32 17 32 18 28 18 29 18 30 
21
10 0 10 3 12 1 14 3 14 30 14 31 14 32 14 33 15 31 15 32 15 33 16 29 16 32 16 33 17 29 17 31 17 32 17 33 18 29 18 30 18 32 
16
14 30 14 31 14 33 14 34 15 31 15 33 15 34 16 30 16 31 16 33 16 34 17 34 18 30 18 32 18 33 18 34 
11
9 0 9 2 9 3 9 4 10 0 11 0 11 1 11 2 12 3 13 1 13 2 
5
27 25 27 26 27 27 28 27 29 25 
0

13
14 32 14 33 14 35 14 36 15 34 15 36 16 32 16 33 16 36 17 34 17 36 18 34 18 35 
19
6 0 6 2 6 3 7 1 7 2 8 0 8 1 9 0 14 32 14 34 14 35 15 33 15 35 16 32 16 35 17 33 17 35 18 31 18 33 
0

8
4 0 4 2 4 3 5 2 6 1 7 2 8 2 8 3 
21
3 0 3 3 4 1 4 3 5 0 5 2 7 3 14 28 14 29 14 30 14 31 15 30 15 32 16 29 16 32 17 30 17 32 18 28 18 29 18 30 18 31 
25
2 0 2 2 3 0 3 1 4 0 4 1 5 0 6 0 6 1 6 3 14 28 14 30 14 31 15 27 15 29 15 31 16 27 16 28 16 31 17 31 18 27 18 28 18 30 27 23 27 24 
9
1 0 1 2 2 1 3 0 3 1 4 0 4 2 4 3 5 3 
18
1 1 1 2 3 0 4 1 5 2 14 26 14 28 14 29 15 27 15 29 16 26 16 29 17 29 18 26 28 22 28 23 29 22 29 23 
14
14 27 14 29 14 30 15 26 15 27 15 28 15 30 16 27 16 28 16 30 17 27 17 30 18 27 18 28 
23
0 0 0 1 0 2 1 0 3 2 14 26 14 27 14 28 14 29 15 25 15 27 15 28 15 29 16 25 16 26 16 29 17 25 17 26 17 29 18 26 18 27 18 28 18 29 
16
14 25 14 27 14 28 15 26 15 27 15 28 16 24 16 25 16 27 16 28 17 28 18 25 18 27 20 0 20 1 20 2 
14
14 24 14 26 14 27 15 26 15 27 16 23 16 24 17 24 17 25 17 26 17 27 18 25 18 26 18 27 
7
0 2 2 19 3 19 20 0 27 24 28 25 29 23 
0

0

15
1 20 1 21 2 21 3 19 14 20 14 22 15 21 15 23 16 19 16 20 16 23 17 19 17 23 18 20 18 22 
0

0

0

0

0

0

0

0

0

0

0

16
1 36 1 37 1 39 1 40 2 37 2 38 2 40 3 36 3 37 3 39 3 40 4 40 5 36 5 38 5 39 5 40 
0

10
2 36 2 38 3 35 3 37 3 38 4 38 5 34 5 35 5 36 5 37 
12
1 35 1 37 1 38 1 39 2 37 2 38 2 39 3 36 3 38 3 39 5 37 5 38 
0

0

12
1 35 1 37 1 38 2 36 2 38 3 34 3 35 4 35 4 38 5 35 5 36 5 37 
0

0

0

0

15
1 34 1 35 1 36 1 37 2 35 2 37 3 34 3 36 3 37 4 34 4 35 4 37 5 34 5 35 5 36 
13
1 34 1 37 1 38 2 36 2 38 3 35 3 38 4 38 5 34 5 35 5 36 5 37 5 38 
18
1 36 1 38 1 39 2 35 2 37 2 39 3 35 3 36 3 38 3 39 4 36 4 39 5 35 5 36 5 38 9 27 10 25 10 27 
15
1 36 1 37 1 39 1 40 2 38 2 40 3 36 3 39 4 38 4 39 5 36 5 37 5 38 5 39 5 40 
13
1 36 1 38 1 39 2 36 2 37 2 39 3 35 3 36 3 39 4 37 4 39 5 35 5 36 
14
1 34 1 35 1 36 1 37 1 38 2 36 2 38 3 34 3 35 3 38 4 38 5 35 5 37 5 38 
11
1 36 1 37 1 39 2 39 3 36 3 38 3 39 4 37 4 39 5 36 5 37 
14
1 37 1 39 1 40 2 38 2 39 2 40 3 37 3 40 4 37 4 38 4 40 5 37 5 38 5 39 
13
1 36 1 38 2 37 2 39 3 36 3 37 3 39 4 36 4 37 4 39 5 35 5 36 5 39 
0

13
1 36 1 37 1 38 1 39 2 37 2 39 3 35 3 36 3 39 4 36 4 39 5 36 5 37 
15
1 37 1 38 1 39 1 40 2 38 2 40 3 37 3 40 4 36 4 37 5 36 5 37 5 38 5 39 5 40 
14
1 36 1 38 2 37 2 39 3 35 3 36 3 38 3 39 4 38 4 39 5 35 5 36 5 37 5 38 
0

0

0

3
4 24 5 24 6 23 
0

0

0

0

0

0

0

0

0

0

0

0

0

0

0

0

0

0

0

0

0

0

0

0

0

0

0

0

0

0

0

0

0

0

0

12
16 35 16 36 17 36 18 32 18 35 18 36 19 33 19 36 20 32 20 33 20 34 20 35 
12
16 34 16 36 16 37 17 35 17 37 18 33 18 34 18 36 18 37 19 33 19 37 20 34 
0

15
16 33 16 36 16 37 17 33 17 35 17 36 17 37 18 33 18 35 19 35 19 37 20 33 20 34 20 35 20 36 
10
16 33 16 35 16 36 17 34 17 36 18 32 18 35 18 36 19 34 19 36 
0

13
16 32 16 33 16 35 16 36 17 33 17 34 17 36 18 32 18 33 18 36 19 36 20 33 20 34 
14
16 34 16 36 16 37 17 35 18 34 18 37 19 33 19 34 19 37 20 33 20 34 20 35 20 36 20 37 
0

11
15 37 15 38 16 36 16 38 17 34 17 35 17 38 18 37 18 38 19 35 19 37 
0

0

14
15 35 15 36 15 38 15 39 16 37 16 39 17 35 17 36 17 38 17 39 19 35 19 36 19 37 19 38 
0

16
15 35 15 36 15 37 15 39 16 37 16 39 17 36 17 39 18 35 18 36 18 38 18 39 19 35 19 36 19 37 19 38 
15
15 36 15 37 15 38 15 39 15 40 16 38 16 40 17 37 17 40 18 36 18 40 19 36 19 37 19 38 19 39 
0

5
16 40 17 39 18 40 19 38 19 40 
16
16 40 17 39 18 39 18 40 19 35 19 37 19 38 19 39 19 40 20 34 20 36 21 35 21 36 22 34 22 35 23 38 
8
15 38 15 39 16 38 16 40 17 39 17 40 19 38 19 40 
9
15 40 16 39 16 40 17 37 17 38 18 37 19 37 19 39 19 40 
2
34 34 35 32 
13
15 34 15 35 15 38 16 34 16 35 17 34 17 35 17 36 18 34 18 35 18 37 19 34 19 38 
22
14 34 14 35 15 34 15 35 15 36 15 37 15 38 15 39 16 36 16 38 17 35 17 37 17 39 17 40 18 34 18 36 18 37 18 38 18 40 19 36 19 38 19 39 
0

0

11
11 34 11 35 11 38 12 34 12 35 12 36 12 37 13 35 13 36 14 34 14 38 
0

0

0

13
7 34 7 35 7 37 8 34 8 36 9 34 9 35 9 36 10 35 10 37 11 34 11 36 11 38 
0

11
5 34 5 35 6 34 6 35 6 36 7 35 7 36 8 34 8 37 9 34 9 38 
0

0

11
3 33 3 34 3 35 3 37 4 33 5 34 5 35 6 34 6 36 7 33 7 37 
15
1 10 1 13 1 14 2 12 2 14 3 10 3 13 3 14 4 10 4 12 4 14 5 10 5 11 5 12 5 13 
0

12
0 33 0 34 0 35 0 36 1 33 1 36 1 37 2 34 2 35 3 37 4 33 4 36 
13
1 12 1 13 2 11 2 12 2 13 3 11 3 13 4 9 4 11 4 13 5 11 5 12 5 13 
0

0

12
1 6 1 7 1 9 2 9 2 10 3 6 3 10 4 9 4 10 5 7 5 8 5 9 
11
1 6 1 8 1 9 2 7 2 9 3 5 3 6 3 8 3 9 4 5 4 9 
15
1 5 1 6 1 7 1 8 2 4 2 6 2 8 3 5 3 6 3 8 4 4 4 8 5 4 5 5 5 6 
15
1 4 1 6 1 7 2 5 2 6 2 7 3 3 3 4 3 5 3 7 4 3 4 6 4 7 5 4 5 6 
11
1 3 1 5 1 6 2 4 2 6 3 3 3 4 3 6 4 6 5 2 5 3 
11
1 1 1 2 1 4 1 5 2 5 3 4 3 5 4 5 5 1 5 2 5 3 
15
1 3 1 5 2 4 2 5 2 6 3 2 3 5 3 6 4 2 4 3 4 5 4 6 5 2 5 3 5 5 
16
1 1 1 2 1 4 1 5 2 3 2 5 3 1 3 2 3 4 3 5 4 4 4 5 5 1 5 3 5 4 5 5 
0

14
1 0 1 1 1 2 1 3 2 1 2 2 2 3 3 3 4 0 4 2 4 3 5 0 5 1 5 2 
0

0

4
3 10 3 11 4 9 4 11 
0

4
0 0 1 0 2 0 3 0 
2
1 10 2 9 
4
1 11 2 10 2 11 3 9 
0

3
1 10 1 11 2 11 
0

0

0

0

0

0

0

0

0

0

0

0

10
31 20 31 22 32 19 32 21 33 19 33 20 33 21 34 22 35 20 35 23 
0

0

0

0

11
16 8 16 11 17 7 17 10 18 9 19 8 19 10 19 11 20 7 20 10 20 11 
12
15 8 15 11 16 7 16 8 16 9 17 8 17 9 18 8 18 11 19 7 19 9 19 11 
0

14
28 1 28 3 28 4 29 0 29 2 30 1 30 3 30 4 31 2 31 4 32 0 32 1 32 2 32 3 
46
12 8 12 10 12 11 13 7 13 10 13 11 14 7 14 8 14 9 16 7 16 8 16 9 16 11 22 20 22 21 22 22 22 23 23 19 23 21 23 22 24 19 24 20 24 21 24 22 25 19 25 20 25 21 25 22 25 23 26 19 26 21 26 23 28 1 28 2 28 3 29 1 29 3 30 0 30 3 31 0 31 1 31 3 32 0 32 1 32 2 32 3 
31
11 7 11 8 12 7 12 10 12 11 13 8 13 9 14 8 15 7 15 8 15 9 15 11 21 19 21 20 21 22 21 23 22 19 22 20 23 20 24 22 25 19 25 20 25 23 28 1 28 2 29 0 29 2 30 2 31 2 32 0 32 1 
15
20 20 20 23 21 19 21 20 21 21 21 22 22 20 22 21 24 19 27 1 27 2 28 0 28 2 29 2 30 2 
3
27 1 30 0 30 1 
0

0

34
6 7 6 8 6 11 7 7 7 8 7 10 8 8 8 9 9 8 9 10 9 11 10 7 10 11 16 19 16 20 17 19 17 20 18 20 18 21 19 19 19 20 19 22 19 23 20 19 20 23 27 1 27 2 28 0 28 2 29 2 30 0 30 2 31 0 31 1 
17
5 7 5 8 6 7 6 10 7 7 7 9 8 7 9 7 9 8 9 9 9 11 27 0 27 1 28 1 29 1 30 1 31 0 
4
27 0 28 0 29 0 30 0 
8
27 0 27 1 28 0 28 1 29 0 29 1 30 1 31 0 
21
2 7 2 8 3 7 3 8 4 7 4 8 4 9 5 11 6 7 6 11 15 20 15 21 16 20 16 21 16 22 16 23 17 21 18 20 18 23 19 20 19 24 
7
14 20 14 21 15 20 16 21 16 22 17 23 18 20 
11
13 21 13 23 13 24 14 20 15 20 15 21 15 22 16 20 16 23 17 20 17 24 
0

0

0

0

0

0

0

0

0

3
5 18 6 18 6 19 
6
5 17 5 18 6 16 6 17 6 18 7 17 
0

0

0

0

0

0

0

0

0

0

0

0

12
0 13 1 9 1 10 1 11 1 12 1 13 2 11 2 13 3 9 3 10 3 11 3 12 
0

12
0 9 0 11 1 7 1 8 1 10 1 11 2 8 2 11 3 8 3 9 3 10 3 11 
0

10
0 9 0 10 1 8 1 11 2 7 2 9 2 11 3 9 3 10 3 11 
0

8
0 11 0 12 0 13 1 10 1 13 2 13 3 10 3 12 
11
0 12 0 13 0 14 1 11 1 13 1 14 2 11 2 14 3 11 3 13 3 14 
10
0 13 0 15 1 11 1 12 1 13 1 15 2 12 2 15 3 13 3 14 
11
0 12 0 13 0 14 0 16 1 13 1 15 1 16 2 16 3 14 3 15 3 16 
9
0 15 0 17 1 13 1 14 1 16 1 17 2 17 3 14 3 15 
0

9
0 13 0 15 1 15 2 13 2 15 3 11 3 12 3 14 3 15 
0

7
0 10 0 14 1 11 1 14 2 11 2 12 2 13 
0

7
0 12 0 13 0 16 1 16 2 12 2 13 2 15 
9
0 14 0 15 1 11 1 13 1 15 2 12 2 13 2 14 2 15 
0

5
0 9 0 10 0 13 1 12 1 13 
0

0

6
0 11 0 14 1 11 1 14 2 11 2 13 
4
0 10 0 13 1 13 2 12 
0

0

0

0

0

0

18
30 16 30 17 30 19 30 20 31 18 31 20 32 16 32 17 32 19 32 20 33 17 33 18 33 20 34 16 34 17 34 18 34 19 34 20 
0

27
24 22 24 23 25 22 25 24 25 25 26 23 26 24 27 23 27 25 27 26 28 23 28 26 29 18 29 19 29 20 29 21 30 19 30 20 30 21 31 18 31 20 31 21 32 17 32 18 32 19 32 21 33 20 
23
23 22 23 23 23 26 24 22 24 24 25 22 25 23 25 24 25 25 26 25 27 22 29 19 29 20 30 20 31 16 31 17 31 20 32 17 32 20 33 16 33 17 33 18 33 19 
30
0 12 1 10 1 12 22 22 22 23 22 25 22 26 23 22 23 25 24 22 24 23 25 23 26 22 26 24 26 26 29 18 29 19 29 20 30 19 30 20 30 21 31 17 31 18 31 20 31 21 32 19 32 20 33 18 33 19 33 20 
0

14
20 22 20 23 20 25 20 26 21 22 21 24 22 23 22 24 23 23 23 25 23 26 24 22 24 23 24 26 
11
29 16 29 17 29 19 29 20 30 20 31 16 31 20 32 20 33 16 33 17 33 19 
24
18 22 18 23 18 25 19 22 19 24 20 23 20 24 21 22 21 25 22 22 29 18 29 20 30 17 30 19 30 20 30 21 31 17 31 19 31 21 32 17 32 20 32 21 33 18 33 19 
0

14
29 18 29 19 29 20 29 21 30 19 30 21 31 18 31 20 31 21 32 21 33 17 33 18 33 19 33 20 
18
29 16 29 17 29 18 29 19 29 20 30 18 30 19 30 20 31 16 31 17 31 18 31 20 32 19 32 20 33 16 33 17 33 18 33 19 
35
15 21 15 22 15 24 16 21 16 23 16 25 17 21 17 22 17 23 18 21 18 24 19 21 19 25 29 18 29 20 29 21 30 19 30 21 31 17 31 18 31 21 32 18 32 19 32 21 33 18 33 19 33 20 36 38 36 40 37 37 37 39 38 37 38 38 38 40 40 40 
18
28 18 28 19 28 20 28 21 29 17 29 18 29 19 29 20 29 21 30 17 30 20 30 21 31 19 31 20 31 21 32 18 32 19 32 20 
7
36 38 36 40 37 38 38 37 40 37 40 38 40 39 
30
12 22 12 24 12 25 13 21 13 23 13 25 14 21 14 22 14 23 15 22 15 24 15 25 16 21 16 22 16 24 16 25 27 17 27 19 27 20 28 18 28 19 28 20 29 19 29 20 30 18 30 20 31 16 31 17 31 18 31 19 
7
36 38 36 40 37 39 38 37 38 38 39 38 40 40 
18
10 21 10 22 10 24 11 21 11 23 12 21 12 23 12 24 13 21 13 22 13 23 13 24 14 25 36 39 37 38 38 39 39 38 40 38 
12
9 22 10 21 10 23 11 21 11 22 11 23 11 24 12 21 12 22 12 25 13 21 13 25 
21
8 21 8 22 8 24 9 21 9 23 9 24 10 22 10 23 11 22 11 24 12 21 12 23 12 25 36 38 36 39 37 40 38 38 38 39 39 38 40 39 40 40 
20
27 13 27 17 28 13 28 17 29 13 29 14 29 17 30 14 30 17 31 13 31 14 31 15 31 16 36 38 36 40 37 39 38 38 38 40 40 37 40 39 
28
27 14 27 15 27 16 27 18 28 16 28 18 29 14 29 15 29 16 29 17 29 18 30 16 30 18 31 14 31 15 31 17 36 37 36 38 36 39 37 38 37 40 38 37 38 40 39 37 39 40 40 37 40 38 40 39 
13
36 37 36 38 36 39 36 40 37 37 37 39 38 37 38 38 38 39 38 40 39 38 39 39 40 40 
26
27 14 27 15 27 17 27 18 28 15 28 17 28 18 29 14 29 15 29 18 30 18 31 14 31 15 31 17 36 37 36 39 36 40 37 36 37 38 37 40 38 36 38 37 38 39 38 40 39 38 39 40 
10
2 10 3 11 36 38 36 40 38 40 39 37 39 38 39 39 40 39 40 40 
11
36 36 36 40 37 38 37 40 38 39 38 40 39 36 39 37 39 38 40 37 40 39 
0

4
35 38 36 39 37 38 39 37 
0

19
0 17 1 13 1 14 1 16 2 14 2 15 2 17 3 13 3 14 3 17 35 38 35 40 36 39 36 40 37 40 38 38 39 38 39 39 39 40 
16
0 14 0 16 1 12 1 13 1 16 2 13 35 38 36 40 37 39 37 40 38 39 38 40 39 36 39 37 39 38 39 39 
16
35 35 35 36 35 37 35 38 35 39 36 35 36 37 36 39 37 35 37 36 37 38 37 39 38 37 38 39 39 36 39 37 
24
0 14 0 15 0 16 1 12 1 14 1 16 2 16 3 12 3 13 3 14 3 16 35 35 35 37 35 38 36 36 36 37 36 38 37 35 37 37 37 38 38 35 38 37 38 38 39 35 
36
0 11 0 15 1 12 1 15 2 15 3 11 3 12 3 14 21 12 21 14 21 15 22 13 22 15 23 11 23 12 23 14 23 15 24 11 24 12 24 15 25 12 25 14 25 15 35 36 36 35 36 37 37 33 37 34 37 35 37 37 38 34 38 37 39 33 39 34 39 35 39 36 
22
0 12 0 13 0 14 1 11 1 12 1 14 2 14 3 10 3 11 3 12 3 13 3 14 35 32 35 33 35 36 36 36 37 32 37 36 39 32 39 33 39 34 39 36 
11
0 11 0 13 1 9 1 10 1 13 2 9 2 11 2 13 3 9 3 10 3 12 
17
35 32 35 33 35 34 35 35 35 36 36 34 36 36 37 32 37 33 37 35 37 36 38 33 38 36 39 33 39 34 39 35 39 36 
11
0 11 0 13 1 9 1 13 2 11 2 13 3 9 3 10 3 11 3 12 3 13 
9
0 10 0 11 0 12 1 9 1 12 2 12 3 9 3 10 3 11 
43
0 9 0 11 1 7 1 9 1 11 2 7 2 11 3 7 3 8 3 9 3 10 3 11 3 38 3 40 4 39 5 37 5 38 6 39 7 37 7 38 7 39 20 6 20 9 20 10 21 8 21 10 22 9 22 10 23 7 23 10 24 6 24 9 35 12 35 14 35 15 36 13 36 14 36 15 37 12 37 15 38 15 39 12 39 14 
44
0 6 0 8 1 6 1 7 1 9 1 10 2 10 3 7 3 8 3 9 3 39 4 38 5 39 7 40 20 8 20 10 20 11 21 9 21 11 22 7 22 8 22 10 22 11 23 7 23 9 23 10 23 11 24 8 24 10 35 11 35 13 35 14 36 11 36 12 36 13 36 14 37 11 37 13 37 14 38 11 38 13 38 14 39 11 39 12 
31
0 7 0 8 0 9 0 10 0 11 1 8 1 11 2 11 3 9 3 10 3 11 3 39 5 39 6 39 6 40 20 7 20 8 20 9 20 10 21 8 21 9 21 10 22 7 22 9 22 10 23 6 23 7 23 10 24 6 24 7 24 9 
33
0 8 0 9 0 10 1 6 1 7 1 10 2 8 2 10 3 6 3 7 3 8 3 38 3 39 3 40 4 39 5 38 5 39 6 39 7 38 7 40 35 9 35 10 35 12 36 10 36 12 37 11 37 12 38 8 38 12 39 8 39 9 39 10 39 11 
32
0 9 0 11 1 7 1 8 1 11 3 8 3 10 3 40 4 39 5 37 5 38 6 38 6 40 7 38 7 39 35 8 35 9 35 10 35 11 36 8 36 9 36 11 37 7 37 8 37 9 37 10 37 11 38 10 38 11 39 8 39 9 39 10 
33
3 39 4 39 4 40 5 39 7 39 20 6 20 8 20 9 21 5 21 7 21 8 21 9 22 5 22 6 22 8 22 9 23 7 23 9 24 7 35 7 35 9 35 10 36 8 36 9 36 10 37 6 37 7 37 8 37 10 38 7 38 10 39 7 39 9 
38
0 9 0 11 1 8 1 9 1 10 2 11 3 8 3 9 3 10 3 40 4 39 5 39 5 40 7 40 20 5 20 6 20 7 21 6 21 8 22 5 22 8 23 5 23 6 23 8 24 6 24 7 35 8 35 10 36 7 36 9 36 11 37 8 37 10 37 11 38 8 38 10 39 7 39 10 
42
0 6 0 8 0 9 0 10 1 6 1 10 2 10 3 6 3 7 3 9 3 39 3 40 4 40 5 38 5 39 6 39 7 39 7 40 20 6 21 4 21 6 21 7 22 4 22 7 23 7 24 5 24 6 35 7 35 8 35 9 35 10 36 8 36 10 37 7 38 6 38 7 38 8 38 9 38 10 39 7 39 8 39 10 
19
0 7 1 6 1 8 1 9 3 6 3 7 20 3 20 4 20 5 21 4 21 5 21 6 22 2 22 3 22 6 23 6 24 3 24 4 24 5 
6
0 9 1 8 1 9 2 6 2 7 2 8 
29
0 40 1 39 20 5 20 7 20 8 21 5 21 6 22 5 22 8 23 6 23 8 24 4 24 6 24 7 35 7 35 8 35 10 35 11 36 7 36 11 37 7 37 8 37 11 38 8 38 9 38 10 39 8 39 9 39 10 
35
0 6 0 8 0 9 1 6 1 7 1 9 2 5 2 6 2 7 20 3 20 4 20 6 20 7 21 5 21 7 22 4 22 7 23 4 23 5 23 6 23 7 24 3 24 4 24 5 24 6 35 8 35 9 35 11 35 12 36 10 36 12 37 9 37 12 38 12 39 9 
21
0 5 0 7 0 8 1 8 2 4 2 5 2 6 35 12 35 13 36 10 36 11 36 12 36 13 37 10 37 12 37 13 38 13 39 9 39 10 39 11 39 12 
39
3 35 3 37 3 38 4 38 5 34 5 37 5 38 6 34 6 35 6 38 7 35 7 36 7 37 7 38 20 1 20 2 20 4 21 3 21 5 22 1 22 2 22 3 22 5 23 5 24 2 24 3 35 10 35 11 35 13 36 12 36 13 36 14 37 10 37 11 37 14 38 14 39 10 39 11 39 13 
40
0 3 0 6 1 6 2 3 3 36 3 38 4 37 4 39 5 35 5 36 5 39 6 39 7 35 7 36 7 37 7 38 20 1 20 3 20 4 21 2 22 1 22 4 24 0 24 3 35 11 35 12 35 14 35 15 36 12 36 13 36 15 37 11 37 12 37 15 38 13 38 15 39 11 39 12 39 13 39 14 
53
3 36 3 37 4 36 4 37 4 38 4 40 5 36 5 37 5 39 5 40 7 36 7 37 7 38 7 39 7 40 12 12 12 13 12 15 12 16 13 12 13 14 13 15 14 12 14 13 14 14 15 13 15 15 15 16 16 12 20 1 20 4 20 5 21 3 21 4 21 5 22 1 22 3 22 5 23 1 23 5 24 2 24 3 24 4 35 13 35 14 35 15 35 16 36 12 36 16 37 12 37 16 38 12 38 14 
16
3 37 3 38 3 39 4 36 4 37 4 39 5 35 5 36 5 39 6 37 6 39 7 35 7 36 7 37 7 38 7 39 
36
3 35 3 37 3 38 4 36 4 38 5 38 6 34 6 35 6 38 7 34 7 35 20 0 20 3 21 1 21 3 22 0 22 2 22 3 23 1 23 3 24 2 24 3 35 11 35 13 36 10 36 11 36 12 36 14 37 11 37 13 37 14 38 11 38 14 39 10 39 11 39 13 
13
9 12 9 13 9 15 9 16 10 12 10 15 11 12 11 13 11 14 11 15 12 15 13 12 13 16 
28
3 35 3 36 3 37 3 38 4 35 4 38 5 34 5 35 5 37 5 38 6 36 6 38 7 35 7 36 7 37 35 10 35 11 35 13 35 14 36 12 36 14 37 10 37 11 37 14 38 14 39 10 39 11 39 13 
40
3 33 3 34 3 36 3 37 4 35 4 36 4 37 5 34 5 36 5 37 6 34 6 35 6 37 7 34 7 35 7 36 8 13 8 14 9 13 9 15 10 13 10 14 10 15 11 13 11 14 11 16 11 17 12 13 12 17 35 9 35 10 36 11 36 13 37 9 37 13 38 13 39 9 39 10 39 12 39 13 
31
4 33 4 34 4 36 4 37 5 35 5 36 5 37 6 33 6 34 6 36 6 37 7 33 7 34 7 35 7 36 7 37 8 33 8 34 35 8 35 9 35 11 35 12 36 10 36 11 36 12 37 9 38 10 38 11 38 12 39 8 39 11 
14
4 33 4 35 4 36 5 33 5 34 5 35 5 36 6 32 6 35 6 36 7 36 8 32 8 33 8 34 
10
4 34 4 36 4 37 5 35 6 33 6 34 6 37 7 34 7 37 8 36 
25
4 13 4 14 4 17 4 32 4 33 4 35 4 36 5 13 5 16 5 34 5 36 6 14 6 15 6 32 6 33 6 35 6 36 7 13 7 14 7 16 7 36 8 13 8 14 8 17 8 35 
0

0

0

0

0

0

4
0 14 0 16 0 17 1 15 
3
0 13 0 15 0 17 
15
3 12 3 13 4 12 4 13 4 14 4 15 5 12 5 13 5 14 5 16 6 13 7 12 7 13 7 14 7 16 
13
2 12 2 13 2 16 3 12 3 13 3 14 3 15 3 16 4 12 4 13 4 14 4 15 6 12 
0

12
0 12 0 13 0 15 1 12 1 14 1 15 2 13 2 14 3 13 3 15 4 12 4 16 
0

8
0 13 0 14 1 13 1 15 2 15 2 16 2 17 3 13 
6
0 13 0 15 1 14 1 17 2 13 2 17 
0

7
37 2 38 0 38 1 38 2 39 1 40 0 40 2 
0

3
38 2 39 2 40 2 
7
37 0 37 1 38 0 38 1 39 0 39 1 40 1 
0

0

0

0

0

0

0

0

0

0

0

0

0

0

5
19 0 19 1 19 2 20 1 20 2 
0

0

0

0

13
12 35 12 37 12 38 13 36 13 37 14 35 14 38 15 35 16 34 16 35 16 36 16 37 16 38 
13
12 36 12 38 13 37 13 38 13 39 14 35 14 36 14 38 14 39 15 39 16 36 16 37 16 38 
15
12 36 12 37 12 39 13 37 13 40 14 37 14 39 15 36 15 38 15 39 15 40 16 36 16 37 16 38 16 39 
15
12 35 12 38 12 39 13 37 13 39 14 35 14 36 14 39 15 37 15 38 15 39 16 36 16 37 16 38 16 39 
0

11
12 38 12 40 13 40 14 40 15 38 15 40 16 1 16 37 16 38 16 40 17 1 
0

0

14
12 38 12 39 12 40 13 38 13 39 13 40 14 37 14 39 14 40 15 37 15 38 15 40 16 37 16 38 
11
12 36 12 38 13 39 14 35 14 38 14 39 15 39 16 35 16 36 16 38 16 39 
12
12 37 12 39 13 37 13 38 13 39 13 40 14 37 14 39 14 40 15 38 15 40 16 39 
0

15
12 34 12 36 12 37 12 38 13 34 13 38 14 35 14 36 14 37 14 38 15 38 16 34 16 35 16 37 16 38 
16
12 33 12 34 12 35 12 36 12 37 13 36 13 37 14 33 14 34 14 35 14 37 15 33 15 34 15 37 16 35 16 36 
16
12 34 12 37 12 38 13 34 13 36 13 37 13 38 14 34 14 35 14 37 14 38 15 38 16 35 16 36 16 37 16 38 
13
12 34 12 36 12 37 13 35 13 37 14 34 14 37 15 34 15 35 15 37 16 33 16 34 16 35 
0

12
12 34 12 36 12 37 13 36 13 37 14 33 14 36 14 37 15 35 16 34 16 35 16 36 
14
12 33 12 34 12 36 13 34 13 36 14 33 14 34 14 36 15 34 15 36 16 32 16 33 16 35 16 36 
0

14
12 33 12 35 13 34 13 36 14 32 14 33 14 35 14 36 15 34 15 36 16 32 16 33 16 34 16 36 
3
29 19 29 20 30 18 
16
12 33 12 35 13 34 13 36 14 33 14 36 15 34 15 36 16 33 16 34 16 35 29 18 29 19 30 17 30 19 31 17 
11
12 34 12 36 12 37 13 34 13 36 13 37 14 33 14 34 14 37 15 37 16 37 
0

0

5
8 33 8 34 9 33 9 34 10 32 
0

2
28 15 29 15 
0

0

0

4
26 13 26 14 27 14 28 12 
0

0

0

10
0 13 0 14 0 15 0 16 1 14 1 16 2 13 2 15 2 16 2 17 
4
0 14 0 16 1 15 1 17 
0

4
13 27 14 25 14 27 15 25 
5
13 26 13 27 13 28 14 28 15 27 
0

0

3
12 26 13 25 13 26 
0

9
12 24 13 24 36 0 38 0 38 1 39 0 39 2 40 0 40 3 
3
11 22 11 23 13 23 
6
34 0 35 2 37 1 37 3 38 0 38 3 
3
10 25 11 25 12 23 
0

5
10 22 10 23 11 22 12 21 12 23 
11
10 23 10 24 11 24 32 0 32 3 33 3 34 0 34 1 35 0 35 2 36 3 
8
31 0 32 2 33 0 33 1 34 0 34 2 35 1 35 3 
13
9 23 9 24 9 25 10 25 30 2 30 3 31 3 32 0 32 1 33 2 33 3 34 1 34 3 
10
29 0 30 1 31 0 31 1 31 2 32 2 32 3 33 0 33 1 33 3 
0

8
27 0 27 3 29 1 29 3 30 0 30 2 30 3 31 3 
0

0

0

24
25 2 25 4 25 5 26 1 26 2 27 1 27 2 27 3 27 4 27 5 28 1 28 2 28 4 28 5 29 1 29 5 37 13 37 15 37 16 38 12 39 12 39 13 39 14 40 15 
25
24 1 24 2 24 4 25 1 26 1 26 3 27 3 27 5 28 2 28 5 36 13 36 15 36 16 37 12 37 14 37 15 38 12 38 13 38 14 38 16 39 13 39 15 40 12 40 14 40 16 
9
35 12 35 13 36 12 37 12 37 13 37 14 38 12 39 12 39 16 
9
34 16 35 12 35 15 36 13 36 14 37 13 37 15 38 12 38 16 
18
21 1 21 2 21 4 22 1 22 3 23 3 24 4 24 5 25 1 34 13 34 14 34 16 35 15 35 16 35 17 36 13 37 17 38 13 
0

12
32 13 32 16 32 17 33 13 33 15 34 14 34 15 35 14 35 16 35 17 36 13 36 17 
0

13
30 13 30 14 31 13 31 15 31 16 32 15 33 14 33 16 33 17 34 13 34 14 34 16 34 17 
11
29 13 29 14 29 17 30 13 30 17 31 13 31 15 32 14 32 16 33 13 33 17 
9
28 13 28 14 29 13 29 17 30 13 30 14 30 15 31 13 32 13 
0

0

13
25 13 25 16 25 17 26 13 26 16 27 14 27 15 28 13 28 16 28 17 29 13 29 14 29 17 
0

0

14
22 13 22 14 22 16 22 17 23 13 24 13 24 15 25 14 25 17 26 17 35 36 35 37 35 38 36 38 
0

0

11
19 13 19 14 19 16 19 17 20 13 20 14 20 16 21 15 22 14 22 16 23 17 
5
34 35 34 36 34 37 35 35 35 37 
0

3
33 37 33 38 34 38 
0

0

0

0

0

0

0

0

0

0

0

0

0

0

0

0

0

3
39 25 39 26 40 27 
0

0

0

0

0

0

0

3
36 26 37 25 37 26 
0

0

0

3
34 25 34 26 35 26 
0

7
36 37 36 38 36 39 37 37 37 38 37 39 38 37 
0

4
35 37 35 38 36 37 36 38 
6
16 39 16 40 17 40 18 39 19 40 20 40 
8
16 40 17 39 17 40 18 39 18 40 19 39 20 39 20 40 
1
18 40 
0

13
18 40 30 15 30 18 31 14 31 16 32 16 33 15 33 16 33 18 34 14 34 16 34 18 35 38 
22
16 40 17 39 17 40 18 39 18 40 19 40 20 39 20 40 29 14 29 17 30 14 30 17 30 18 31 14 31 15 31 16 31 17 32 15 32 17 33 14 33 16 33 18 
11
29 15 29 16 29 19 30 15 30 17 30 19 31 15 31 16 31 17 32 16 33 19 
0

15
18 40 19 40 27 15 27 16 27 17 27 19 28 15 28 17 29 15 29 16 29 17 30 16 30 19 31 15 31 19 
2
15 40 18 40 
3
17 40 19 39 19 40 
14
19 40 24 15 24 16 24 19 25 15 25 19 26 17 26 18 27 15 27 16 27 18 28 15 28 16 28 19 
0

5
15 38 17 38 17 39 18 39 19 39 
0

15
15 36 15 37 15 38 15 39 16 39 16 40 17 36 17 39 17 40 18 39 18 40 19 36 19 37 19 38 19 39 
0

15
15 34 15 35 15 37 15 38 16 36 16 37 16 38 17 34 17 35 17 38 18 35 19 35 19 36 19 37 19 38 
13
15 36 15 38 15 39 16 36 16 37 16 39 17 35 18 36 18 39 19 35 19 36 19 38 19 39 
11
16 15 16 16 16 17 16 18 17 15 17 17 17 19 18 17 19 18 19 19 20 15 
10
15 15 15 16 15 19 16 15 16 17 16 19 18 16 18 19 19 15 19 19 
0

15
15 36 15 37 15 38 15 39 16 35 16 37 16 38 16 39 17 35 17 36 18 38 18 39 19 37 19 38 19 39 
13
15 37 15 39 15 40 16 38 16 40 17 36 17 37 17 39 17 40 18 36 18 37 18 40 19 37 
11
15 36 15 38 16 37 17 36 17 38 17 39 18 35 18 37 18 39 19 37 19 38 
0

0

0

0

0

0

0

0

0

0

0

0

0

8
29 36 29 38 30 37 31 39 32 37 32 39 33 36 33 38 
13
29 36 29 37 29 39 29 40 30 37 30 38 30 40 31 36 31 40 32 40 33 36 33 38 33 39 
14
29 35 29 36 29 38 29 39 30 37 30 38 30 39 31 35 31 39 32 36 32 38 33 37 33 38 33 39 
0

15
29 33 29 34 29 36 29 37 30 35 30 37 31 34 31 37 32 34 32 35 32 37 33 34 33 35 33 36 33 37 
11
29 33 29 36 30 34 30 36 31 33 31 36 32 33 32 36 33 33 33 34 33 35 
17
29 31 29 32 29 33 29 34 29 35 30 33 30 34 30 35 31 32 31 35 32 31 32 32 32 35 33 32 33 33 33 34 33 35 
0

13
29 33 29 34 29 36 29 37 30 33 30 36 30 37 31 33 31 37 32 37 33 33 33 34 33 36 
0

10
29 31 29 34 30 33 30 35 31 32 31 34 31 35 32 32 33 31 33 32 
0

10
29 34 30 33 30 34 31 31 31 32 31 35 32 34 32 35 33 32 33 34 
14
29 30 29 31 29 32 29 33 30 32 30 34 31 30 31 31 31 34 32 31 32 34 33 31 33 32 33 33 
0

13
29 30 29 31 29 32 30 30 30 32 31 29 32 28 32 29 32 32 33 28 33 29 33 30 33 31 
0

14
29 28 29 30 29 31 29 32 30 30 30 32 31 29 31 32 32 28 32 29 32 31 32 32 33 29 33 32 
11
28 29 28 31 28 32 29 28 29 32 30 29 30 32 31 28 31 29 31 32 32 29 
14
28 27 28 28 28 29 28 30 29 29 30 27 30 28 30 29 30 30 30 31 31 28 31 31 32 27 32 30 
12
28 29 29 30 30 26 30 27 30 29 30 30 31 26 31 28 31 30 32 27 32 28 32 29 
13
28 28 28 29 28 31 29 29 29 31 30 27 30 31 31 27 31 29 31 31 32 28 32 29 32 30 
0

0

13
28 28 28 29 28 32 29 30 29 32 30 29 30 31 30 32 31 32 32 28 32 29 32 30 32 31 
0

0

0

0

0

0

0

0

0

0

0

5
12 4 12 6 13 5 13 6 14 4 
0

7
25 38 26 38 27 38 27 39 27 40 28 39 29 38 
0

0

7
22 38 22 39 23 38 23 39 24 39 25 39 26 38 
0

22
7 32 7 33 8 32 8 35 9 32 9 33 9 34 10 35 10 36 11 32 11 33 11 36 20 38 20 39 21 38 21 39 22 39 22 40 23 38 24 38 24 39 24 40 
12
6 32 6 33 6 36 7 32 7 34 7 36 8 32 8 34 9 32 9 33 9 35 10 32 
0

13
4 32 4 33 4 35 5 32 5 34 5 35 5 36 6 33 6 34 7 35 8 32 8 35 8 36 
0

12
21 11 21 12 21 14 21 15 22 13 22 15 23 14 23 15 24 13 24 15 25 11 25 14 
26
2 31 2 32 2 35 3 31 3 33 3 34 4 31 4 33 5 32 6 31 6 34 6 35 21 11 21 13 21 14 22 12 22 13 22 14 23 10 23 11 23 14 24 10 24 13 24 14 25 11 25 13 
31
13 38 13 40 14 38 15 39 15 40 16 38 17 38 17 39 18 37 19 38 19 40 20 36 20 39 20 40 21 10 21 11 21 12 21 36 21 40 22 11 22 13 22 37 22 38 23 10 23 13 24 9 24 13 25 9 25 10 25 12 25 13 
19
12 38 12 39 13 38 13 40 14 38 14 39 14 40 15 39 16 38 17 37 17 39 17 40 18 38 18 40 19 37 19 40 20 40 21 37 21 38 
17
17 37 17 38 17 40 18 39 18 40 19 37 19 40 20 39 21 38 21 40 32 13 32 14 32 15 33 13 33 14 33 15 34 15 
17
0 32 0 34 1 32 1 34 1 35 2 31 2 34 2 35 10 38 10 39 11 38 11 39 11 40 12 38 12 39 12 40 13 40 
19
17 38 17 39 17 40 19 38 20 10 20 11 20 13 20 14 21 12 21 14 21 38 21 39 21 40 22 11 22 13 22 14 23 11 24 11 24 13 
8
10 38 10 39 11 38 12 39 12 40 14 38 14 39 14 40 
19
9 38 9 39 9 40 10 38 10 40 11 38 11 39 11 40 12 38 13 38 13 39 17 39 17 40 18 40 19 40 21 39 21 40 31 15 32 16 
13
21 10 21 11 21 13 21 14 22 12 22 13 22 14 23 11 23 14 24 14 25 10 25 11 25 12 
27
7 38 7 39 8 38 9 38 9 40 10 38 10 39 11 38 17 39 17 40 19 39 19 40 20 40 21 12 21 13 21 14 21 15 21 40 22 11 22 15 23 11 23 12 23 15 24 12 24 15 25 12 25 14 
9
3 39 3 40 4 40 5 38 17 39 18 40 19 39 21 38 21 40 
10
3 38 5 39 17 38 17 40 18 38 18 39 18 40 19 37 19 40 21 40 
21
2 39 3 37 3 39 4 37 17 38 18 40 19 39 20 39 21 11 21 14 21 39 22 12 22 14 23 10 23 14 24 11 24 14 25 10 25 12 25 13 25 14 
34
2 39 2 40 3 39 3 40 4 38 17 39 17 40 19 40 20 39 21 12 21 13 21 40 22 11 22 13 23 10 23 12 23 13 24 12 24 13 25 10 25 11 25 12 37 33 37 35 37 36 38 32 38 33 38 34 38 36 39 32 39 33 39 36 40 32 40 36 
22
17 39 17 40 18 40 19 38 19 39 21 8 21 9 21 11 21 38 22 10 22 12 23 12 24 10 24 12 25 11 37 32 37 34 39 31 39 34 39 35 40 34 40 35 
14
1 15 2 17 21 10 21 12 22 9 22 11 22 13 23 9 23 12 24 9 24 11 24 13 25 9 25 11 
5
0 16 0 17 1 15 1 16 1 17 
13
17 36 17 38 18 36 18 37 18 38 19 38 19 39 20 36 20 39 21 35 21 36 21 37 21 38 
23
22 8 22 10 22 11 23 11 24 8 24 10 24 11 25 7 25 8 25 11 26 8 26 9 26 10 37 32 37 33 37 34 37 35 38 33 38 35 39 31 39 35 40 33 40 35 
36
17 39 18 36 18 37 18 39 19 35 19 36 19 38 19 39 20 37 20 39 21 36 21 37 21 38 22 7 22 8 22 9 22 10 23 8 23 10 24 7 24 10 26 6 26 8 26 9 26 10 30 18 37 31 37 33 38 30 38 31 38 32 38 34 39 30 39 34 40 32 40 34 
40
16 36 16 37 16 38 16 39 17 39 18 36 18 39 19 35 19 38 19 39 20 35 20 36 20 37 20 39 22 6 22 8 22 9 23 6 23 7 23 9 24 5 24 8 25 7 25 9 26 5 26 6 26 7 26 8 37 30 37 32 38 30 38 31 38 33 39 30 39 32 39 33 40 29 40 30 40 32 40 33 
24
0 13 0 15 21 6 21 8 21 9 22 6 22 8 22 9 23 5 23 9 24 9 25 6 25 7 25 8 37 29 37 31 38 30 38 32 39 28 39 29 39 32 40 29 40 31 40 32 
33
16 38 17 37 17 39 18 36 18 37 18 38 19 39 20 36 20 37 20 38 21 4 21 5 21 7 22 6 22 7 22 8 23 5 23 8 24 4 24 5 25 5 25 6 25 7 36 29 36 32 37 30 37 32 38 32 39 28 39 29 39 30 39 32 40 28 
27
16 34 16 35 16 36 16 37 16 38 17 38 18 38 19 34 19 36 19 38 20 34 20 35 20 36 36 30 36 32 36 33 37 31 37 33 38 29 38 30 38 33 39 31 39 32 39 33 40 30 40 31 40 32 
12
16 34 16 37 17 35 17 36 17 37 18 33 18 36 18 37 19 37 20 35 20 36 20 37 
23
16 35 16 36 18 33 18 36 19 32 19 36 20 33 20 34 20 35 36 27 36 28 36 29 36 30 36 31 37 29 37 30 37 31 38 31 39 31 40 27 40 28 40 29 40 30 
16
36 28 36 31 36 32 37 28 37 30 37 31 37 32 38 29 38 31 38 32 39 29 39 32 40 28 40 29 40 31 40 32 
0

8
35 28 35 30 35 31 36 31 37 28 37 30 38 31 39 28 
12
35 27 35 29 35 30 36 29 36 30 37 26 37 27 37 30 38 28 38 30 39 27 39 29 
15
35 29 35 30 35 31 36 29 36 30 37 27 37 28 37 30 37 31 38 28 38 29 38 31 39 27 39 28 39 30 
11
35 27 35 28 36 26 36 28 37 26 37 27 37 30 38 27 38 30 39 26 39 29 
12
35 25 35 26 35 28 35 29 36 27 36 29 37 25 37 26 37 29 39 26 39 27 39 29 
15
35 26 35 27 35 28 35 29 35 30 36 26 36 28 36 30 37 26 37 27 38 26 38 29 38 30 39 27 39 30 
14
35 26 35 28 35 29 36 26 36 27 36 29 37 25 37 26 37 28 37 29 38 26 38 29 39 26 39 28 
13
35 25 35 26 35 27 35 28 36 26 36 27 36 28 37 24 37 25 37 28 38 28 39 25 39 26 
14
35 24 35 25 35 26 35 27 36 25 36 27 37 24 37 25 37 27 38 24 38 27 39 23 39 24 39 25 
0

0

0

0

0

0

0

0

12
0 14 0 15 0 16 0 17 1 14 1 15 2 13 2 14 3 14 3 17 4 14 4 16 
14
0 12 0 13 0 15 0 16 1 16 2 12 2 13 2 16 3 12 3 13 3 14 3 15 4 12 4 13 
0

15
0 13 0 15 1 15 1 16 2 12 2 13 2 16 3 12 3 13 3 15 3 16 4 12 4 14 4 15 4 16 
11
0 12 0 13 0 14 1 15 2 12 2 15 3 13 3 15 4 13 4 14 4 15 
28
0 10 0 11 0 13 0 14 1 14 2 10 2 11 2 13 2 14 3 10 3 11 3 14 4 12 4 13 28 12 28 13 28 14 28 15 29 13 29 14 29 15 30 11 30 12 30 14 30 15 31 15 32 12 32 14 
0

11
29 10 29 11 29 14 30 12 30 13 31 10 31 11 31 14 32 14 33 10 33 13 
0

25
0 11 0 12 0 14 1 14 2 10 2 14 3 11 3 14 4 11 4 12 29 11 29 12 29 13 29 14 30 12 30 14 31 10 31 11 31 13 31 14 32 11 32 13 32 14 33 10 33 11 
13
11 11 11 13 12 12 12 14 13 11 13 12 13 14 14 11 14 12 14 14 15 10 15 11 15 13 
41
0 10 0 11 0 13 0 14 1 12 1 14 2 10 2 11 2 13 2 14 3 10 3 11 3 14 4 10 4 11 4 13 11 9 11 12 11 13 12 11 12 13 13 9 13 10 13 13 14 9 14 13 15 10 15 12 28 11 28 12 28 14 29 13 29 15 30 11 30 14 30 15 31 12 31 15 32 11 32 12 32 14 
27
0 11 0 12 0 15 1 13 1 14 1 15 2 11 2 12 2 15 3 12 3 14 3 15 4 12 4 14 4 15 28 13 28 15 28 16 29 14 29 16 30 13 30 14 31 12 31 16 32 13 32 14 32 15 
42
0 11 0 13 1 12 1 13 1 14 2 11 2 12 2 14 3 14 4 10 4 12 11 10 11 11 11 12 11 13 12 9 12 11 12 13 13 9 13 10 13 13 14 9 14 13 15 9 15 10 15 11 15 12 15 13 28 11 28 12 28 13 28 14 28 15 29 13 29 15 30 11 30 12 30 15 31 15 32 12 32 13 32 14 
26
0 11 0 12 0 13 1 10 1 11 1 13 2 10 2 13 3 10 3 13 4 9 4 12 27 11 27 12 27 15 28 13 28 15 29 13 29 15 30 12 30 13 30 15 31 11 31 12 31 13 31 14 
25
0 11 1 10 1 14 2 11 2 13 2 14 3 10 3 12 4 12 4 14 27 11 27 13 27 14 28 12 28 13 28 14 29 11 29 12 29 14 30 14 31 10 31 11 31 12 31 13 31 14 
36
0 10 0 12 0 13 1 11 1 13 2 10 3 13 4 10 4 11 11 11 11 13 11 14 12 12 12 14 13 11 13 13 13 14 14 14 15 11 15 13 27 10 27 11 27 12 27 13 28 11 28 13 29 9 29 10 29 13 30 10 30 11 30 12 30 13 31 9 31 10 31 12 
24
11 10 11 12 11 13 12 11 12 13 13 9 13 10 13 13 14 13 15 9 15 10 27 10 27 11 27 13 27 14 28 12 28 14 29 10 29 11 29 14 30 11 30 14 31 10 31 12 
14
11 8 11 9 11 11 12 10 12 11 12 12 13 8 13 9 13 12 14 8 14 10 15 8 15 9 15 11 
28
0 9 0 10 1 8 1 10 2 6 2 7 2 9 2 10 3 6 3 7 3 8 3 10 4 7 4 8 4 9 4 10 11 8 11 10 11 11 12 9 12 11 13 7 13 10 14 8 14 11 15 8 15 9 15 10 
24
10 8 10 11 11 8 11 9 11 11 12 7 12 8 12 11 13 11 14 7 14 9 26 11 26 13 26 14 27 10 27 11 27 14 28 10 28 11 28 14 29 11 29 14 30 11 30 14 
14
10 8 10 9 10 10 10 11 10 12 11 12 12 8 12 12 13 10 13 11 13 12 14 8 14 10 14 11 
26
10 7 10 8 10 10 11 11 12 7 12 8 12 10 12 11 13 9 13 11 14 8 14 9 14 10 14 11 26 13 26 15 26 16 27 14 27 16 28 13 28 15 29 13 29 16 30 13 30 14 30 15 
51
0 5 0 8 1 6 1 8 2 2 2 3 2 4 2 5 2 8 3 2 3 4 3 5 3 8 4 4 4 5 4 6 4 7 5 6 6 2 6 6 10 6 10 7 10 8 10 10 11 9 11 10 12 7 12 10 13 8 13 9 14 7 14 8 14 9 14 10 26 12 26 14 26 15 27 13 27 14 27 15 28 11 28 12 28 13 28 14 28 15 29 13 29 14 29 15 30 11 30 12 30 13 
41
1 2 1 3 1 5 2 2 2 4 3 3 3 4 4 2 4 5 4 6 5 3 5 6 25 35 25 37 26 12 26 13 26 14 26 15 26 16 26 36 26 38 27 14 27 16 27 34 27 35 27 38 28 13 28 14 28 16 28 36 28 38 29 13 29 14 29 15 29 16 29 34 29 37 30 12 30 13 30 14 30 15 
25
0 2 0 3 0 6 1 2 1 4 2 2 2 4 3 3 3 6 4 2 4 6 25 12 25 13 25 15 25 16 26 14 26 16 27 14 28 12 28 14 28 15 28 16 29 13 29 14 29 15 
38
9 7 9 9 10 8 10 9 10 10 11 6 11 10 12 7 12 8 12 9 12 10 13 6 13 7 13 9 25 13 25 14 25 15 25 35 25 37 25 38 26 13 26 14 26 36 27 12 27 14 27 15 27 34 27 38 28 15 28 34 28 38 29 11 29 13 29 14 29 34 29 35 29 36 29 37 
29
9 5 9 6 9 7 9 8 9 9 10 7 10 9 11 5 11 6 11 9 12 9 13 5 13 6 13 7 13 8 25 13 25 14 25 15 25 16 26 14 26 16 27 12 27 13 27 16 28 16 29 12 29 13 29 14 29 15 
40
9 4 9 5 9 7 9 8 10 8 11 4 11 7 11 8 12 4 12 8 13 4 13 5 13 6 13 7 25 11 25 12 25 14 25 15 25 37 25 39 25 40 26 13 26 14 26 15 26 40 27 12 27 14 27 15 27 36 27 37 27 40 28 13 28 15 28 37 28 40 29 11 29 12 29 13 29 14 29 37 
34
0 2 0 6 9 5 9 6 9 7 9 8 9 9 10 7 10 9 11 5 11 6 11 8 11 9 12 9 13 5 13 7 13 8 25 11 25 13 25 14 25 38 26 14 26 37 26 39 27 14 27 39 28 14 28 35 28 39 29 11 29 13 29 36 29 37 29 38 
13
9 4 9 5 9 7 9 8 10 6 10 8 11 8 12 4 12 8 13 5 13 6 13 7 13 8 
33
9 3 9 4 9 5 9 6 10 5 10 7 11 3 11 4 11 5 11 6 11 7 12 4 12 7 13 3 13 4 13 5 13 6 25 33 25 34 25 36 26 35 26 37 27 33 27 34 27 36 27 37 28 35 28 36 28 37 29 33 29 34 29 35 29 37 
23
9 2 9 3 9 5 10 4 10 6 11 2 11 3 12 2 12 3 12 6 13 5 25 33 25 35 25 36 26 34 26 35 26 36 27 32 27 33 27 35 28 34 29 33 29 34 
13
25 34 25 36 26 34 26 35 26 37 27 33 27 34 27 36 27 37 28 33 29 33 29 34 29 36 
12
25 32 25 33 25 34 25 35 25 36 27 32 27 35 27 36 28 32 28 33 29 34 29 35 
16
24 33 24 35 24 36 25 32 25 34 25 36 26 32 26 33 26 35 26 36 27 32 27 33 27 36 28 33 28 34 28 35 
16
24 34 24 35 24 36 25 33 25 34 25 35 25 36 25 37 26 34 26 36 26 37 27 33 27 37 28 34 28 35 28 37 
15
24 33 24 35 24 36 25 32 25 34 25 36 26 32 26 33 26 35 26 36 27 32 27 36 28 33 28 34 28 35 
0

0

12
24 32 24 33 24 34 24 35 25 31 25 35 26 32 26 34 26 35 28 33 28 34 28 35 
0

16
24 31 24 32 24 34 25 33 25 35 26 31 26 32 26 33 26 35 27 31 27 33 27 34 27 35 28 31 28 34 28 35 
1
29 39 
13
23 31 23 33 23 34 24 32 24 34 25 31 25 33 25 34 26 32 26 34 27 30 27 32 27 33 
13
23 32 23 34 24 33 24 35 25 32 25 33 25 35 26 31 26 32 26 35 27 32 27 33 27 34 
12
23 30 23 31 23 33 23 34 24 32 24 33 24 34 25 31 25 34 26 34 27 30 27 33 
14
23 29 23 30 23 32 24 31 24 33 24 39 24 40 25 33 25 39 26 33 27 29 27 31 27 32 27 33 
22
3 20 3 21 3 22 4 19 5 19 5 22 6 18 6 22 7 18 7 19 7 20 7 21 22 30 22 32 23 31 23 32 23 33 24 32 24 33 25 30 25 33 26 32 
13
2 19 2 20 2 21 2 22 3 20 3 22 4 19 5 21 5 22 6 18 6 19 6 21 6 22 
10
2 18 2 20 2 21 3 19 4 17 4 20 4 21 6 17 6 18 6 20 
14
2 18 2 19 2 21 2 22 3 20 3 21 4 18 4 19 4 20 4 22 5 22 6 18 6 19 6 21 
0

14
1 20 1 23 2 19 2 21 2 22 2 23 3 20 3 22 3 23 4 21 4 23 5 20 5 21 5 22 
11
1 20 1 22 1 23 1 24 2 20 2 22 2 24 3 21 3 24 4 24 5 23 
0

2
3 7 3 9 
11
0 21 1 24 2 20 2 23 2 24 3 24 4 23 22 34 22 35 22 36 24 34 
0

18
0 18 0 19 0 21 0 22 1 20 1 22 2 18 2 19 2 21 2 22 3 18 3 20 3 21 3 22 4 18 4 19 4 20 4 21 
13
0 19 0 20 0 21 1 17 1 19 1 21 2 17 2 18 2 20 2 21 4 18 4 19 4 21 
12
0 17 0 19 0 20 1 18 1 19 1 20 2 16 2 17 2 19 2 20 3 20 4 19 
6
2 12 2 13 2 14 3 13 3 14 4 12 
18
0 16 0 17 0 19 0 20 1 18 1 19 1 20 2 14 2 15 2 16 2 17 2 20 3 15 3 20 4 16 4 17 4 18 4 19 
10
0 18 0 20 1 16 1 17 1 18 1 20 3 16 3 17 3 18 3 19 
9
0 19 0 20 0 21 1 17 1 20 1 21 2 21 3 18 3 20 
8
0 20 0 22 1 18 2 18 2 22 3 18 3 19 3 20 
10
0 19 0 21 1 18 1 20 1 21 2 20 2 21 3 19 3 20 3 21 
11
0 18 0 19 0 20 1 17 1 18 1 19 1 20 2 16 2 17 3 17 3 19 
8
0 17 0 19 1 15 1 19 2 19 3 15 3 16 3 17 
10
0 18 0 20 1 16 1 17 1 18 1 19 1 20 2 18 2 20 3 17 
0

10
0 19 0 20 0 22 1 18 1 19 1 22 2 21 2 22 3 18 3 20 
0

0

0

0

0

0

9
37 15 37 18 38 15 38 18 38 19 39 16 39 17 39 18 40 17 
10
36 16 36 18 36 19 37 16 38 15 38 16 38 17 39 15 39 16 39 18 
0

0

10
33 15 33 16 34 15 34 18 35 15 35 16 35 17 36 17 36 18 37 19 
0

4
38 36 38 37 39 36 39 37 
8
30 15 30 16 30 18 31 15 32 17 33 16 34 15 34 19 
10
12 26 12 27 12 28 13 27 13 28 14 26 38 36 39 37 40 35 40 37 
25
28 15 28 16 29 15 29 16 29 17 29 18 30 15 30 16 30 17 31 15 31 16 31 18 31 19 32 12 32 15 32 16 33 11 34 11 34 12 34 13 35 12 35 14 36 12 36 13 36 15 
10
27 15 27 16 27 18 28 15 29 15 29 17 30 16 31 15 31 16 31 19 
14
30 11 30 12 30 14 30 15 31 11 31 14 32 12 32 13 33 11 33 14 33 15 34 11 34 12 34 14 
14
29 11 29 12 29 14 30 11 30 14 31 11 31 13 32 14 32 15 33 15 38 33 38 35 39 35 40 33 
0

0

9
26 12 27 11 27 12 28 13 28 15 29 12 29 14 30 11 30 12 
24
5 37 5 38 6 37 7 37 7 38 7 39 8 38 8 39 25 11 25 12 25 15 26 11 26 13 27 11 27 13 28 11 28 14 28 15 29 11 29 15 36 37 37 36 37 37 38 35 
14
20 15 20 16 20 18 21 15 21 17 21 18 21 19 22 15 22 16 22 17 23 15 23 18 23 19 24 15 
25
3 37 3 38 4 37 5 39 6 37 6 38 6 40 7 39 23 11 23 12 23 14 23 15 24 11 24 12 24 14 25 12 25 13 27 13 27 14 27 15 36 38 36 39 37 37 37 38 37 39 
21
18 16 18 17 19 15 19 16 19 17 19 19 20 15 20 17 21 16 21 19 22 17 22 19 23 12 23 13 24 12 24 15 24 16 25 13 26 13 27 12 27 16 
11
22 12 22 15 22 16 23 12 23 15 23 16 24 14 25 13 25 15 26 12 26 16 
20
0 38 0 40 1 37 1 39 1 40 2 38 3 38 3 40 4 37 16 15 16 19 17 15 17 18 17 19 18 16 18 17 19 17 19 18 20 15 20 19 
5
0 37 0 40 1 39 2 38 2 40 
11
19 12 20 12 20 13 20 14 21 14 22 12 22 13 22 15 23 12 23 13 23 16 
13
18 12 18 13 18 16 19 12 19 15 20 12 20 13 20 14 21 13 21 15 21 16 22 12 22 16 
13
1 38 17 12 17 13 17 16 18 12 18 15 19 12 19 13 19 14 20 15 20 16 21 12 21 16 
0

0

13
14 12 14 13 14 15 15 12 15 14 15 15 16 12 16 13 16 14 17 12 17 15 18 12 18 16 
16
13 12 13 13 13 14 13 15 13 16 14 12 14 13 14 14 14 16 15 12 15 14 16 15 17 12 17 13 17 14 17 16 
0

0

10
8 32 8 33 8 35 8 36 9 34 10 36 11 36 12 32 12 34 12 35 
12
8 33 8 34 8 36 9 35 9 37 10 34 10 35 10 37 11 34 11 35 11 37 12 35 
25
8 32 8 33 8 35 9 36 10 33 10 35 10 36 11 33 11 36 12 32 12 33 12 35 27 32 27 33 27 35 28 31 28 35 29 31 29 32 29 33 30 34 30 35 31 31 31 33 31 35 
10
7 33 7 34 7 35 7 36 8 36 9 35 9 36 10 32 11 33 11 35 
12
7 31 7 32 7 33 7 35 8 33 8 35 9 31 9 34 9 35 10 35 11 34 11 35 
0

0

12
7 33 7 34 8 30 8 32 8 34 9 30 9 31 9 34 10 31 11 30 11 31 11 32 
9
7 30 7 32 7 33 8 31 8 33 9 29 9 30 10 33 11 32 
15
7 28 7 29 7 30 7 31 7 32 8 30 8 32 9 29 9 31 10 32 11 28 11 29 11 30 11 31 11 32 
20
7 27 7 30 7 31 8 28 8 29 8 31 9 27 9 28 10 28 11 29 11 30 19 31 20 31 20 34 21 31 21 33 22 32 22 34 23 32 23 35 
29
7 29 7 31 7 32 8 30 8 32 9 28 9 29 9 32 10 29 10 32 11 28 11 29 11 30 11 31 18 31 18 32 18 33 19 31 19 32 19 33 19 34 19 35 20 31 20 32 20 33 21 33 21 34 22 33 22 35 
0

24
7 27 7 29 7 30 8 30 9 27 9 30 10 28 10 30 11 26 11 27 11 28 11 29 16 31 16 32 16 34 17 31 17 33 17 34 17 35 18 32 18 33 18 34 20 31 20 35 
39
15 32 15 34 15 35 16 31 16 32 16 33 16 34 16 35 17 32 17 33 18 32 18 34 18 35 19 31 19 32 19 34 28 16 28 19 29 15 29 16 29 18 30 16 30 17 31 16 31 18 31 19 32 19 35 25 36 25 37 25 37 26 37 27 37 28 38 25 38 28 38 29 39 25 39 28 39 29 
21
15 32 15 36 16 33 16 35 17 34 18 35 18 36 19 32 19 36 27 15 27 16 27 17 27 19 28 15 29 15 29 17 30 15 30 16 30 19 31 15 31 19 
15
7 26 7 28 7 29 8 25 8 27 8 29 9 25 9 26 9 29 10 29 11 25 11 26 11 27 11 28 11 29 
20
6 25 6 26 6 29 7 26 7 28 7 29 8 25 8 26 8 28 8 29 10 27 10 28 14 32 15 33 15 34 16 33 16 35 16 36 17 32 17 33 
0

29
11 32 11 33 11 34 11 35 12 32 12 33 12 35 12 36 13 32 13 33 13 34 13 36 14 35 15 32 15 36 24 14 24 15 25 14 25 16 25 17 25 18 26 14 26 15 26 16 26 17 27 17 28 14 28 17 28 18 
25
10 32 10 33 10 36 11 32 11 36 12 33 12 34 13 33 13 35 14 32 14 33 14 36 30 25 30 28 31 24 31 25 31 26 32 25 32 26 32 28 33 25 33 28 34 24 34 25 34 26 
9
9 33 9 34 9 35 10 32 11 33 11 34 12 33 13 33 13 36 
27
6 30 6 31 7 30 7 31 7 32 8 29 8 31 9 31 9 32 10 29 10 30 10 31 10 32 28 24 28 25 28 26 28 27 29 24 29 26 29 27 30 24 30 25 31 24 31 25 31 27 32 24 32 28 
20
6 29 6 30 6 32 6 33 7 29 7 30 7 31 7 33 8 29 8 30 8 33 9 29 10 30 27 27 29 24 29 25 29 26 30 24 30 25 31 24 
10
26 25 26 28 27 24 27 25 27 26 28 26 29 25 29 28 30 24 30 28 
0

11
17 14 17 15 18 14 18 16 18 17 19 16 19 17 20 15 20 18 21 14 21 18 
26
16 15 17 14 17 16 17 17 18 14 18 16 19 16 20 14 20 18 24 25 24 26 24 28 24 29 25 25 25 27 25 28 25 29 26 25 26 26 26 27 27 25 27 26 27 28 27 29 28 25 28 29 
13
23 25 23 26 23 28 24 25 24 26 24 27 24 28 25 26 25 27 26 25 26 26 27 25 27 29 
13
22 25 22 26 23 25 23 27 23 29 24 25 24 26 24 27 25 28 25 29 26 25 26 26 26 27 
0

17
13 13 13 14 13 16 13 17 14 13 14 15 14 17 15 13 15 14 15 15 16 13 16 14 16 16 16 17 17 13 17 16 17 17 
10
20 24 20 25 21 24 21 28 22 24 22 26 23 25 23 26 23 27 24 28 
0

11
10 13 10 14 10 17 11 13 11 14 11 15 12 15 13 14 13 16 13 17 14 13 
0

0

0

0

0

0

0

0

0

0

10
18 35 18 37 18 38 19 36 19 38 20 35 20 38 22 35 22 36 22 37 
11
35 28 35 30 35 31 36 29 37 27 37 30 37 31 38 31 39 27 39 28 39 30 
18
35 26 35 27 35 29 35 30 36 26 36 27 36 28 36 30 37 26 37 27 37 29 37 30 38 28 38 29 38 30 39 27 39 28 39 30 
25
18 36 18 38 18 39 20 35 20 36 20 38 21 36 21 37 21 39 22 35 22 36 22 37 22 39 35 28 35 29 35 30 36 29 36 31 37 27 37 28 38 28 38 31 39 28 39 30 39 31 
24
18 35 18 37 19 36 19 38 20 35 20 37 20 38 21 35 21 38 22 36 22 37 35 27 35 28 35 29 35 30 36 28 36 29 36 30 37 26 37 30 38 30 39 26 39 27 39 29 
0

26
2 16 2 17 2 19 2 20 3 16 3 17 4 18 6 17 6 20 17 34 17 35 17 36 17 37 18 35 18 36 18 37 19 34 19 35 19 36 19 37 20 33 20 34 20 37 21 34 21 35 21 36 
12
35 25 35 27 35 28 35 29 36 25 36 27 36 29 37 26 37 29 38 29 39 26 39 28 
14
17 34 17 36 17 37 18 35 18 37 19 34 19 35 19 36 19 37 20 34 20 35 20 37 21 34 21 35 
23
0 16 1 17 1 18 2 19 2 20 3 16 3 19 3 20 17 32 17 33 17 34 17 35 18 34 18 35 18 36 19 33 19 35 19 36 20 32 20 33 20 36 21 33 21 36 
39
5 11 5 12 5 15 6 11 6 13 7 12 7 13 8 12 9 11 9 15 17 34 17 35 17 36 17 37 18 37 19 33 19 34 19 36 19 37 20 34 20 37 21 33 21 34 21 35 21 36 35 23 35 24 35 25 35 26 36 24 36 26 37 23 37 25 37 26 38 24 38 26 39 23 39 24 39 25 
44
0 18 0 19 1 20 2 17 2 21 4 11 4 15 5 11 5 13 5 14 5 15 6 13 7 14 7 15 8 11 8 15 17 35 17 36 18 33 18 34 18 36 19 32 19 35 19 36 20 36 21 32 21 35 35 21 35 22 35 23 35 24 35 25 36 23 36 24 36 25 37 22 37 23 37 25 38 22 38 24 38 25 39 21 39 23 39 24 
11
35 20 35 23 35 24 36 24 37 21 38 22 38 23 39 20 39 21 39 22 39 23 
28
0 17 0 21 17 30 17 31 17 34 18 32 18 34 19 30 19 31 19 33 20 32 20 33 20 34 21 30 21 33 35 21 35 22 35 24 36 23 36 24 36 25 37 21 37 25 38 21 38 23 38 25 39 22 39 24 
23
17 30 17 32 17 33 18 29 18 31 18 32 19 29 19 30 19 33 20 30 35 21 35 22 35 23 35 24 36 20 36 22 36 24 37 20 37 24 38 24 39 21 39 22 39 23 
28
1 12 1 16 2 12 2 14 3 12 3 13 3 14 4 16 5 12 5 16 17 28 17 29 17 30 17 31 17 32 18 28 18 30 18 32 19 28 19 29 19 31 19 32 20 29 20 31 20 32 21 29 21 30 21 31 
29
17 27 17 28 17 30 17 31 18 28 18 29 18 30 18 31 19 27 19 31 20 30 20 31 21 28 21 29 21 30 35 19 35 21 35 22 36 20 36 22 37 18 37 19 37 22 38 18 38 22 39 19 39 20 39 21 39 22 
31
0 12 1 13 1 14 2 12 2 15 3 12 3 16 17 27 17 29 17 30 18 26 18 30 19 29 19 30 20 28 20 30 21 26 21 27 21 28 21 29 35 18 35 19 35 20 35 21 36 19 36 21 37 21 38 17 39 17 39 20 39 21 
21
0 12 0 13 0 14 1 16 2 12 2 13 2 16 17 27 17 28 17 30 17 31 18 29 18 30 18 31 19 27 19 28 19 31 20 27 20 31 21 29 21 30 
13
35 21 36 19 36 20 36 21 37 18 37 20 37 21 38 18 38 19 38 21 39 18 39 20 39 21 
2
0 12 0 16 
27
28 24 28 26 28 27 29 27 30 23 30 24 30 25 30 26 30 27 31 24 31 27 32 23 32 24 32 25 36 16 36 17 36 18 36 19 36 20 37 18 37 20 38 17 38 19 38 20 39 20 40 17 40 19 
16
36 15 36 16 36 18 36 19 37 17 37 18 37 19 38 15 38 16 38 17 38 18 38 19 39 16 39 19 40 15 40 17 
13
36 16 36 17 36 18 36 19 36 20 38 16 38 17 38 20 39 17 39 18 39 20 40 17 40 19 
30
28 22 28 23 28 24 28 25 29 25 29 26 30 23 30 25 30 26 31 24 31 26 32 23 32 24 32 25 32 26 36 18 36 19 37 17 37 19 38 16 38 17 38 18 38 19 39 15 39 16 39 19 40 16 40 17 40 18 40 19 
24
28 23 28 24 28 26 28 27 29 27 30 26 30 27 31 23 31 27 32 24 32 26 36 15 36 17 36 18 37 15 37 16 37 18 38 14 38 15 38 18 39 15 39 17 40 14 40 16 
12
28 25 28 27 28 28 29 25 29 26 29 28 30 24 30 28 31 28 32 25 32 27 32 28 
17
28 24 28 25 28 26 28 27 28 33 28 34 29 26 29 27 30 24 30 27 30 33 31 24 31 27 32 24 32 25 32 26 32 27 
16
28 22 28 25 28 26 29 23 29 24 29 25 29 26 30 23 30 26 31 23 31 24 31 26 32 22 32 23 32 24 32 25 
11
28 21 28 22 29 23 29 25 30 21 30 24 30 25 31 23 32 21 32 22 32 23 
8
28 23 30 22 30 23 30 25 31 25 31 26 32 22 32 24 
12
28 22 28 24 29 24 30 22 30 23 30 24 30 25 31 22 31 25 32 21 32 22 32 23 
14
28 20 28 21 28 23 28 24 29 22 29 23 29 24 30 20 30 24 31 21 31 22 31 24 32 22 32 23 
0

0

10
28 26 28 27 29 25 29 26 29 27 30 23 30 27 31 24 31 27 32 26 
0

0

17
28 23 28 25 28 26 29 22 29 24 29 25 29 26 30 22 30 23 30 25 30 26 31 23 31 25 31 26 32 23 32 24 32 26 
11
28 22 28 24 29 21 29 22 29 25 30 22 30 25 31 24 31 25 32 23 32 24 
16
28 21 28 23 28 24 29 20 29 22 29 23 29 24 30 20 30 21 30 23 30 24 31 20 31 24 32 20 32 21 32 22 
15
28 19 28 20 28 23 29 21 29 22 29 23 30 19 30 20 30 23 31 20 31 23 32 19 32 20 32 22 32 23 
11
29 21 29 22 29 24 30 20 30 21 30 24 31 21 31 24 32 20 32 22 32 23 
0

11
28 19 28 21 28 22 29 21 30 18 30 19 30 22 31 22 32 19 32 20 32 21 
16
28 17 28 18 28 21 29 19 29 21 30 17 30 20 30 21 31 17 31 18 31 19 31 21 32 17 32 18 32 20 32 21 
2
0 24 0 25 
0

0

0

0

0

0

0

0

0

0

0

0

0

0

0

0

0

0

0

0

0

0

12
5 6 5 7 5 8 5 9 6 6 6 7 6 8 6 9 7 9 8 9 9 7 9 8 
0

25
5 4 5 6 5 7 6 5 6 7 7 3 7 4 7 6 7 7 8 6 9 3 9 4 9 5 9 6 26 15 26 16 26 17 27 15 28 14 28 16 28 17 29 13 29 14 29 17 30 16 
27
20 36 20 39 20 40 21 36 21 37 21 38 21 39 22 36 22 37 22 38 23 40 24 38 24 40 26 14 26 15 26 17 26 18 27 16 27 18 28 14 28 15 28 18 29 16 29 18 30 15 30 16 30 17 
14
27 15 27 16 27 17 27 18 28 16 28 18 29 14 29 17 29 18 30 18 31 14 31 15 31 16 31 17 
14
5 5 5 6 6 4 6 6 7 2 7 3 7 5 7 6 8 2 8 6 9 2 9 3 9 4 9 5 
32
1 6 1 7 1 8 1 9 2 7 2 9 3 6 3 8 3 9 4 6 4 7 4 9 5 6 5 7 6 5 7 5 8 6 8 7 9 6 27 12 27 13 27 16 28 14 28 16 29 12 29 13 29 15 29 16 30 14 30 16 31 14 31 15 
22
1 6 1 9 2 9 2 10 3 9 3 10 4 6 4 10 5 7 5 8 5 9 27 14 27 16 28 17 29 14 29 16 29 17 30 13 30 15 30 17 31 13 31 14 
11
1 5 1 6 1 9 2 9 3 5 3 6 3 9 4 6 4 9 5 7 5 8 
23
5 6 5 7 5 9 6 9 6 10 7 6 7 7 7 10 8 6 8 9 8 10 9 8 9 9 9 10 14 36 14 37 14 40 15 40 17 37 17 39 18 36 18 38 18 40 
38
1 9 1 10 1 11 2 9 2 11 3 8 4 8 4 11 5 7 5 8 5 9 5 10 13 36 13 37 13 39 13 40 14 36 14 40 15 38 16 37 16 39 17 36 17 38 27 13 27 14 27 15 27 16 28 13 28 14 28 15 28 16 29 13 29 15 29 16 30 13 30 16 31 12 31 13 
35
1 9 1 11 2 10 3 9 3 11 3 12 4 10 4 12 5 8 5 11 12 36 12 37 12 39 13 36 13 38 13 39 14 37 14 38 15 36 15 37 15 40 16 36 16 37 16 39 16 40 27 16 27 17 28 15 28 17 29 14 29 16 29 17 30 17 31 13 31 15 
39
1 12 2 9 2 11 2 12 2 13 3 9 3 12 4 9 4 10 4 13 5 6 5 7 5 8 5 9 5 10 5 11 5 12 6 6 6 9 7 5 7 7 7 9 8 5 8 9 9 6 9 8 27 12 27 13 27 14 27 15 27 16 28 14 29 13 29 16 30 15 30 16 31 13 31 14 31 15 
24
5 5 5 6 5 7 5 8 6 5 6 8 7 5 7 7 7 8 8 8 9 4 9 7 9 8 27 14 27 15 28 12 28 15 29 12 29 14 30 14 30 15 31 11 31 12 31 14 
36
1 8 1 9 1 10 1 11 2 8 2 9 3 9 3 11 4 9 5 4 5 6 5 7 5 8 5 9 5 10 5 11 6 5 7 3 7 6 7 7 8 7 9 3 9 6 27 11 27 13 27 14 28 12 28 13 28 14 29 10 29 11 29 13 29 14 31 10 31 12 31 13 
21
1 7 1 9 1 10 2 8 2 10 3 6 3 7 3 8 3 10 5 9 27 10 27 12 28 10 28 11 28 13 29 12 30 9 30 10 30 11 31 10 31 12 
42
1 7 1 8 1 10 2 9 2 11 3 7 3 11 4 8 4 11 5 4 5 6 5 8 5 10 5 11 6 3 6 5 6 6 7 3 7 4 7 6 8 3 8 4 8 5 8 37 8 38 8 40 9 37 9 40 10 39 11 40 12 37 26 10 26 12 26 13 27 11 27 12 27 13 28 10 28 11 29 13 30 11 30 12 
27
4 5 4 6 4 7 5 3 5 5 5 7 6 4 6 7 7 3 8 3 8 4 8 5 8 6 26 8 26 9 26 10 26 11 26 12 27 9 27 10 27 12 28 11 28 12 29 12 30 9 30 10 30 11 
39
4 5 4 6 4 7 4 8 5 6 5 7 6 5 6 7 6 8 6 37 7 8 7 37 7 39 7 40 8 4 8 7 8 37 8 38 8 39 9 38 10 37 10 39 26 7 26 8 26 9 26 10 26 11 27 7 27 9 27 11 28 8 28 10 28 11 29 8 29 9 29 11 30 8 30 9 30 10 
22
1 4 1 5 1 6 1 7 1 8 2 8 3 5 4 6 4 7 5 5 5 6 5 7 26 9 26 10 26 11 27 10 27 12 28 9 28 12 29 12 30 9 30 11 
48
1 4 1 6 1 7 2 5 2 6 2 7 3 7 4 4 4 5 4 7 4 8 5 5 5 6 5 7 5 8 6 4 6 6 6 8 7 5 7 8 8 4 8 7 8 8 18 11 18 14 18 15 19 11 19 12 19 13 19 14 20 12 20 13 21 14 22 15 25 8 25 11 25 12 26 8 26 9 26 10 26 12 27 8 27 9 27 11 27 12 28 12 29 11 29 12 
27
1 5 1 7 1 8 2 4 2 6 3 5 4 4 4 8 5 6 5 7 5 8 25 7 25 8 25 10 25 11 26 9 26 11 27 7 27 8 27 10 28 8 28 9 28 11 29 7 29 8 29 10 29 11 
57
1 3 1 4 1 6 1 7 2 4 2 5 3 4 3 6 3 7 4 5 4 7 5 3 5 4 5 5 5 6 5 8 5 39 6 4 6 7 6 8 6 38 6 39 7 5 7 8 7 38 7 40 8 4 8 6 8 7 8 39 9 38 16 11 16 12 16 15 17 11 17 13 17 14 17 15 18 12 18 13 19 12 19 13 19 14 20 13 20 15 25 7 25 8 25 9 25 10 26 7 26 8 27 8 27 10 28 6 28 10 29 7 29 9 
14
0 4 0 6 0 7 1 3 1 5 1 7 2 5 2 6 2 7 3 4 3 7 4 4 4 5 4 6 
13
14 11 14 12 14 14 15 11 15 14 16 11 16 12 16 13 16 15 17 11 17 14 18 11 18 15 
15
25 8 25 10 25 11 26 8 26 9 26 11 27 7 27 11 28 7 28 8 28 9 28 11 29 7 29 8 29 10 
40
0 3 0 6 1 6 2 3 2 5 2 6 3 6 4 3 4 4 4 5 4 6 13 12 13 13 13 16 14 12 14 13 14 15 15 12 15 13 15 14 16 13 16 15 17 16 25 6 25 7 25 9 25 10 26 8 26 10 27 6 27 7 27 8 27 10 28 6 28 8 28 10 29 6 29 7 29 9 29 10 
16
0 4 0 6 0 7 1 5 1 7 2 3 2 4 2 6 2 7 3 3 3 4 3 5 3 7 4 5 4 6 4 7 
0

0

0

10
8 12 8 13 9 12 10 12 10 14 11 13 11 15 12 12 12 14 12 16 
