7128318
1619452
4269630
7159969
1659554
4452685
2772822
2815557
5571572
7020633
5820194
6163606
3720489
4185950
1695940
2944640
3008365
491440
1534230
5668258
8352614
5175906
6003765
6223436
7637460
1970690
6397671
4005490
5962798
1890565
4851553
1377190
4059048
1718268
6366456
6636808
2597451
8945827
5029896
6481148
3831970
1668912
2948330
2981288
4852719
3023916
1357308
11739148
3059646
3808841
6866634
6441656
16362200
3057931
1141893
4312727
12144762
978248
957498
3915415
888185
1988490
12424795
10410276
8190653
5487620
16992088
2974526
3536502
713041
4394526
845456
3794035
3819856
6466520
1865912
1373244
4878563
6738102
2498883
4484805
8493348
7006142
6595931
2261529
1331704
1965190
5080310
8550740
4890279
2643716
3871600
4896116
7524356
5615923
4526690
3294926
6214738
3600159
4299912
