seed	mw	n	co	sa	sun	sna	blk	score
1	29	47	85	54	1321	9752	11	7951014
2	7	22	24	50	1329	7509	9	1590868
3	34	30	83	29	1288	12426	14	4488034
4	23	39	79	83	1496	12213	19	7541983
5	7	22	36	59	1454	5139	8	1669710
6	32	37	65	36	851	14471	7	4891430
7	14	23	46	54	914	10470	7	2835932
8	25	41	69	30	1435	5758	8	3186258
9	17	37	83	74	1258	8396	9	6045965
10	37	45	84	41	1402	13858	15	7693712
11	35	45	66	46	1202	11574	11	6737554
12	20	48	80	86	1465	7324	11	6390156
13	20	26	43	43	1098	18246	12	3885652
14	51	22	48	22	733	38761	19	4218840
15	6	30	15	76	1503	7755	12	1775265
16	11	33	45	65	1645	5545	13	3008560
17	52	46	91	15	958	7568	5	3195149
18	2	45	15	50	1964	516	14	397910
19	34	33	90	10	1076	5926	4	1412690
20	13	20	47	93	859	22376	13	5603116
21	22	45	82	92	1013	10143	7	9742258
22	27	36	51	54	931	17186	11	5798013
23	42	32	89	35	1089	17752	15	6121167
24	35	21	98	46	910	21360	14	5993932
25	35	41	66	69	861	17213	10	8483895
26	7	25	17	66	1290	10259	11	1933041
27	18	30	90	93	1057	11189	8	6467766
28	18	38	64	50	1430	6118	9	3819354
29	78	49	98	17	1101	19337	15	6744069
30	11	48	25	52	1610	3648	7	2138429
31	14	20	57	89	1252	11178	12	4549996
32	33	32	20	10	1193	15156	14	1514660
33	12	30	49	70	1653	8035	19	4272989
34	20	20	81	22	1427	7072	10	1835803
35	14	29	69	96	1279	16055	16	6801831
36	16	49	64	92	1572	8861	17	6057472
37	9	24	69	56	1776	3997	16	2637393
38	58	37	95	38	887	25662	14	9956133
39	26	23	84	48	1345	15845	19	5285532
40	23	48	68	62	804	11841	7	7207216
41	12	31	70	83	1357	7274	9	4128841
42	14	36	33	34	686	5905	2	1832353
43	12	26	73	71	1614	4262	10	3155941
44	10	39	46	73	1649	4482	11	3107008
45	29	32	70	39	1165	15211	14	5134393
46	24	46	15	34	1092	17655	14	3479983
47	21	27	76	14	1667	4741	11	1402570
48	28	43	63	92	769	25197	12	13245985
49	15	29	24	51	1338	12042	15	3147702
50	20	31	85	44	1306	7992	9	4022569
51	38	38	70	46	780	21823	11	7717980
52	22	36	85	84	1367	10653	14	6954003
53	49	44	79	84	882	37321	23	18724769
54	10	32	41	79	1474	6950	10	3254795
55	5	31	24	43	1640	3590	9	1006394
56	18	36	42	65	1195	13202	11	4511491
57	29	40	87	85	837	26182	15	13415328
58	13	22	19	22	1315	7918	9	1028872
59	3	25	32	83	1647	1459	3	1022906
60	19	42	13	62	974	21115	15	4425560
61	5	40	14	39	1571	2341	4	897307
62	32	34	22	16	961	17391	12	2151180
63	41	50	71	92	1162	21058	18	15086051
64	44	48	75	67	897	18942	11	12354786
65	42	46	51	52	921	24975	15	8989099
66	30	38	89	44	1184	12974	12	6056931
67	77	49	98	69	756	34573	18	20001216
68	51	29	46	14	1020	21911	16	3177446
69	30	21	41	28	1088	23340	19	3495226
70	8	47	70	21	1870	590	4	715547
71	21	29	98	50	1246	9114	10	4550768
72	4	41	71	64	1990	282	20	874140
73	13	45	49	77	887	7476	4	4245339
74	45	48	96	26	1271	6918	8	4161354
75	31	38	34	70	716	27630	13	7132832
76	4	50	59	96	1898	712	6	1527307
77	11	50	51	29	1758	1241	4	1171825
78	24	24	91	50	937	14136	9	5083811
79	21	40	39	85	1057	17328	12	7354752
80	18	25	24	39	752	19877	10	2628018
81	25	34	87	49	1405	9319	12	4757096
82	32	42	57	69	890	20025	12	9670890
83	28	30	32	75	844	28888	17	7417621
84	50	45	92	37	1281	13598	15	7293185
85	9	31	93	61	1666	1976	5	2417056
86	4	23	59	66	1606	2031	4	1350977
87	7	35	11	73	1198	7031	6	1966991
88	27	33	77	52	1025	12860	9	5600113
89	38	46	68	47	789	26303	13	9270765
90	28	22	39	48	660	29347	14	4930446
91	11	30	24	77	954	10621	7	2882529
92	16	49	38	68	1378	6989	8	4488290
93	9	43	46	71	1415	9849	12	4331213
94	22	46	56	98	904	11434	7	8416030
95	25	41	77	61	1326	10086	11	6129255
96	11	36	79	92	1640	4644	11	4444336
97	14	26	28	66	995	16772	11	3378572
98	87	40	88	15	685	31064	14	7282524
99	15	21	62	57	1210	11814	12	3626405
100	48	44	76	24	1413	11327	15	4739884
101	5	29	15	85	1529	6698	12	1615635
102	20	22	24	18	1282	13041	15	1517964
103	3	24	11	61	1524	1755	3	601007
104	10	31	96	48	1748	1654	6	1799424
105	19	21	91	94	824	14570	8	6628789
106	31	48	58	40	1207	16097	14	5638486
107	4	36	27	91	1727	2876	10	1305528
108	11	31	53	47	1590	6086	13	2597004
109	59	41	52	31	1011	23876	17	7188886
110	11	23	68	69	1483	6369	11	3400066
111	8	22	15	52	1271	11425	12	1631874
112	46	50	52	91	819	36489	18	15379559
113	12	43	12	91	1050	12604	10	3881077
114	28	42	79	89	1253	12118	12	10239858
115	10	23	22	70	1175	9870	10	2592938
116	10	30	15	93	1011	19647	14	3599700
117	24	25	70	46	1080	12220	10	4099642
118	9	27	39	81	1609	4318	9	2869584
119	22	41	74	52	1414	9515	13	5311096
120	18	37	35	50	1390	8196	11	3685445
121	16	44	32	91	1252	9960	10	6031440
122	9	30	29	98	1477	6841	10	3406554
123	20	35	22	53	813	18978	11	4021098
124	16	32	56	37	1668	3860	10	2292677
125	15	25	28	89	721	26894	14	5683416
126	45	37	79	35	1030	20680	15	7764870
127	3	30	72	85	1830	488	2	844696
128	34	24	72	11	1319	7610	9	1452134
129	22	36	78	47	1277	9815	10	4699638
130	14	42	24	79	1408	14999	19	4685417
131	13	31	48	66	1140	6380	5	2964822
132	14	22	74	80	1375	12475	16	4743958
133	14	40	15	42	1343	12266	15	2615136
134	9	26	21	54	1581	7440	14	1725159
135	13	42	30	94	1352	9770	11	4679328
136	11	26	73	69	1633	4264	10	3006497
137	27	37	31	64	662	32413	14	6870335
138	24	50	74	76	1249	9627	9	8695704
139	34	49	100	53	1092	12102	10	8091654
140	10	30	54	94	1483	8647	14	4741182
141	31	29	30	60	605	46708	19	7475490
142	21	31	60	11	1838	3198	17	1100066
143	16	25	33	67	1122	12469	10	3688649
144	33	29	74	39	1021	18598	13	5885869
145	26	23	94	61	1026	19664	16	7385352
146	19	41	33	14	1472	6375	10	1422490
147	26	36	81	21	1676	4262	11	2231847
148	8	37	54	62	1725	4199	14	2947276
149	18	45	41	50	1343	9453	11	4460102
150	16	47	67	74	1657	4872	12	4892989
151	12	38	27	38	970	11361	7	2288920
152	69	48	61	19	1232	18228	17	6253228
153	46	49	23	39	746	30164	15	6129405
154	36	44	63	34	1127	15502	12	5765103
155	15	46	70	57	1610	5320	12	4221561
156	21	35	95	42	1604	6829	14	4083051
157	6	41	59	83	1667	1500	4	2003673
158	5	21	84	46	1890	943	8	981454
159	19	26	51	53	1166	10815	10	3720085
160	12	29	32	87	1218	14691	15	4809708
161	14	30	48	48	1015	7154	5	2669280
162	28	50	34	36	1365	9610	12	3876138
163	34	43	64	52	874	15411	9	7166976
164	10	42	29	88	1068	10553	7	4546545
165	11	21	61	59	1468	10226	17	3017603
166	83	50	73	42	838	34517	20	15168908
167	21	43	14	82	1013	30733	20	5884704
168	28	38	65	47	1087	13403	11	5686431
169	17	35	74	78	1585	8467	16	5470510
170	72	47	98	22	1008	20591	14	8081612
171	14	40	66	71	1408	10625	12	5112599
172	19	30	91	97	1288	11015	13	7141465
173	51	45	71	38	1148	15668	14	7187188
174	21	23	67	32	1172	8279	8	2413495
175	33	33	51	43	1315	14519	15	5424291
176	7	22	31	47	1476	5634	9	1469873
177	17	33	32	46	1270	7379	8	2666524
178	13	26	46	55	1366	8239	11	2742809
179	26	39	42	80	802	25399	14	8583362
180	11	50	52	65	1461	3375	5	2962388
181	64	47	49	63	1059	29266	22	14085869
182	15	23	53	28	1701	4764	14	1725242
183	17	38	61	84	977	13990	10	6672318
184	31	30	53	35	996	16825	12	4444295
185	26	44	68	21	1454	6065	9	2941623
186	47	44	43	60	720	40176	18	11735809
187	5	50	11	78	1339	2962	3	1524327
188	8	30	26	82	1208	7438	7	2561004
189	11	24	21	72	889	17009	11	3174846
190	23	39	23	33	1196	13277	12	3402545
191	32	27	40	11	1152	11320	10	1454515
192	11	40	37	28	1761	3190	12	1510907
193	16	25	38	57	1197	11491	10	3503448
194	22	29	75	91	1036	18555	14	8542732
195	53	47	60	45	1128	23086	20	9288345
196	15	33	61	77	1423	9859	14	5347857
197	8	23	96	39	1551	3008	5	1635993
198	13	32	19	36	1102	5473	4	1486362
199	7	22	29	74	1332	10838	13	2406755
200	14	21	87	48	1253	9280	10	2931003
201	28	23	86	54	1029	20120	15	5958988
202	12	43	84	74	1486	6065	10	5015172
203	29	50	46	77	1069	13548	10	7611391
204	69	43	61	10	1141	14695	13	3241464
205	9	34	51	99	1514	7199	12	3987723
206	27	45	54	73	1153	13360	11	6724677
207	51	42	94	33	1268	16345	17	7815251
208	10	34	13	52	1390	8445	11	1787799
209	21	30	60	71	1089	16093	13	5892628
210	9	38	48	49	1581	4636	10	2070234
211	25	21	87	13	839	8620	5	1501229
212	20	49	63	69	1498	7698	12	6223344
213	20	49	18	24	1407	10181	13	2048484
214	4	47	15	57	1561	1879	3	967218
215	42	48	94	38	1110	8209	6	5990606
216	67	47	73	13	1588	10940	23	4254442
217	17	29	31	25	1120	7086	6	1593649
218	5	30	41	39	1882	982	7	818745
219	33	28	79	45	1281	18279	18	6717350
220	36	41	61	62	583	31366	12	9579891
221	29	44	90	64	1540	11014	21	8549960
222	33	43	61	69	1025	19629	13	8818978
223	27	50	48	17	1572	5145	11	2056330
224	25	32	85	68	1183	20180	18	8404749
225	19	49	74	58	1271	9776	10	5501822
226	22	33	48	33	1248	7289	7	2695992
227	28	50	80	81	1357	9716	12	8850758
228	16	26	18	41	1003	16785	12	2497462
229	11	21	23	59	859	21814	13	3154156
230	5	29	21	88	1519	5110	9	1814954
231	12	30	56	62	1497	5913	10	2882438
232	7	35	60	89	1526	2107	3	2132129
233	30	20	92	42	1279	16051	17	5256602
234	9	35	58	86	1599	3998	8	3310672
235	24	24	31	14	1033	13604	11	1540000
236	18	21	87	42	1477	9365	14	3239970
237	7	32	14	24	1499	6331	10	935144
238	14	29	77	88	1273	14106	14	6097784
239	13	28	69	78	1147	5444	4	3516027
240	4	32	23	41	1718	1277	4	676538
241	13	47	25	87	1409	7552	10	4428273
242	16	40	98	82	1330	7331	8	6205116
243	16	34	39	52	1186	14970	14	4410315
244	15	23	46	33	1520	6738	12	2144401
245	33	44	60	17	1280	8393	9	2428710
246	19	44	41	22	1470	4441	7	1641111
247	59	48	62	15	1273	14768	16	4914861
248	30	29	67	47	885	22296	13	6122868
249	18	41	20	52	1154	11687	10	3495940
250	3	49	32	18	1968	168	5	208744
251	41	49	75	29	681	7984	4	3847192
252	36	27	34	15	1193	13501	12	2108230
253	34	40	77	33	1366	9320	12	4948086
254	36	43	48	37	1022	16171	11	5885373
255	18	30	67	88	1024	12845	9	5922070
256	12	26	51	38	1650	3976	10	1702965
257	47	44	32	13	1312	12384	13	2614491
258	30	31	48	36	1194	20631	20	4803936
259	13	38	37	72	1224	7529	7	3687602
260	20	35	68	52	1055	12688	10	5308220
261	11	36	18	53	1362	8584	10	2216953
262	8	46	39	68	1465	6816	11	3452500
263	41	47	95	93	885	24872	13	15718098
264	26	23	98	63	979	17735	13	6945904
265	27	36	40	20	1261	17114	16	2831440
266	25	36	41	67	1011	17348	12	6770279
267	8	31	14	91	1633	7731	18	2478546
268	38	22	53	16	1038	20697	17	2587246
269	12	21	35	33	1387	8087	11	1660798
270	36	40	53	86	753	28004	14	12577752
271	16	41	25	77	992	11734	8	4867952
272	61	31	73	17	1291	20377	24	5201514
273	14	34	27	59	1295	16315	17	3747414
274	20	35	53	49	675	13242	6	4518226
275	6	27	10	39	1320	8034	10	964994
276	9	21	71	53	1307	3728	4	1794823
277	11	36	19	97	907	16284	10	4272783
278	26	33	89	75	1123	18965	15	9019415
