seed	r	mw	n	co	sa	sna	score
1	19	35	47	85	54	9752	7468952
2	14	8	22	24	50	7509	1638256
3	13	33	30	83	29	12426	4265468
4	16	23	39	79	83	12213	7202233
5	19	6	22	36	59	5139	1738712
6	15	32	37	65	36	14471	4482410
7	15	14	23	46	54	10470	2830398
8	13	27	41	69	30	5758	2957820
9	21	20	37	83	74	8396	5919195
10	15	43	45	84	41	13858	7090102
11	18	33	45	66	46	11574	5949476
12	29	24	48	80	86	7324	6315102
13	11	19	26	43	43	18246	3768047
14	10	35	22	48	22	38761	4254392
15	19	6	30	15	76	7755	1689707
16	21	11	33	45	65	5545	2883475
17	14	54	46	91	15	7568	3042141
18	57	3	45	15	50	516	438495
19	14	52	33	90	10	5926	1537160
20	7	11	20	47	93	22376	5894810
21	15	25	45	82	92	10143	8552620
22	12	26	36	51	54	17186	5409555
23	20	48	32	89	35	17752	6083398
24	17	26	21	98	46	21360	6620426
25	17	30	41	66	69	17213	7747248
26	19	7	25	17	66	10259	2068793
27	13	19	30	90	93	11189	6344607
28	13	27	38	64	50	6118	4019146
29	15	100	49	98	17	19337	6243857
30	19	10	48	25	52	3648	1955772
31	9	9	20	57	89	11178	5098432
32	14	32	32	20	10	15156	1419410
33	13	12	30	49	70	8035	4203885
34	21	17	20	81	22	7072	1792931
35	16	17	29	69	96	16055	6550344
36	55	22	49	64	92	8861	6423284
37	14	10	24	69	56	3997	2599551
38	11	52	37	95	38	25662	9149260
39	10	21	23	84	48	15845	5167860
40	14	31	48	68	62	11841	6673152
41	18	13	31	70	83	7274	4138989
42	17	15	36	33	34	5905	1704947
43	16	10	26	73	71	4262	2959935
44	18	11	39	46	73	4482	2870211
45	14	30	32	70	39	15211	4970003
46	15	28	46	15	34	17655	3031464
47	18	26	27	76	14	4741	1421304
48	13	32	43	63	92	25197	12327462
49	12	11	29	24	51	12042	3161943
50	12	25	31	85	44	7992	3947871
51	15	42	38	70	46	21823	6969810
52	15	20	36	85	84	10653	6782880
53	13	46	44	79	84	37321	17012822
54	16	11	32	41	79	6950	3317513
55	31	8	31	24	43	3590	1143131
56	13	18	36	42	65	13202	4330487
57	14	38	40	87	85	26182	12152367
58	12	10	22	19	22	7918	995606
59	31	3	25	32	83	1459	1021519
60	14	15	42	13	62	21115	4106573
61	20	6	40	14	39	2341	869479
62	13	30	34	22	16	17391	2071418
63	15	37	50	71	92	21058	12654018
64	15	38	48	75	67	18942	10583984
65	16	40	46	51	52	24975	8528553
66	15	33	38	89	44	12974	5582157
67	16	59	49	98	69	34573	16976397
68	13	42	29	46	14	21911	3119998
69	8	21	21	41	28	23340	3672465
70	74	12	47	70	21	590	731157
71	17	26	29	98	50	9114	4412026
72	25	4	41	71	64	282	840415
73	21	17	45	49	77	7476	3887597
74	14	42	48	96	26	6918	3906892
75	12	25	38	34	70	27630	6407928
76	51	6	50	59	96	712	1725434
77	28	18	50	51	29	1241	1344468
78	10	21	24	91	50	14136	5045128
79	14	19	40	39	85	17328	6831287
80	11	15	25	24	39	19877	2508216
81	22	27	34	87	49	9319	4672810
82	15	34	42	57	69	20025	8731641
83	9	18	30	32	75	28888	7126877
84	16	47	45	92	37	13598	6806204
85	15	9	31	93	61	1976	2378682
86	37	5	23	59	66	2031	1347086
87	15	6	35	11	73	7031	2027681
88	13	26	33	77	52	12860	5329899
89	16	52	46	68	47	26303	8574259
90	8	19	22	39	48	29347	5071641
91	14	9	30	24	77	10621	2743111
92	23	16	49	38	68	6989	4024520
93	19	22	43	46	71	9849	4742201
94	14	20	46	56	98	11434	7634354
95	17	25	41	77	61	10086	5867565
96	59	15	36	79	92	4644	4368016
97	12	12	26	28	66	16772	3318856
98	13	99	40	88	15	31064	6369825
99	13	14	21	62	57	11814	3771617
100	16	51	44	76	24	11327	4447612
101	39	6	29	15	85	6698	1619425
102	18	17	22	24	18	13041	1545264
103	12	2	24	11	61	1755	734533
104	46	9	31	96	48	1654	1802352
105	13	13	21	91	94	14570	7073868
106	22	39	48	58	40	16097	5313476
107	28	7	36	27	91	2876	1587496
108	23	15	31	53	47	6086	2538747
109	13	46	41	52	31	23876	6715319
110	15	10	23	68	69	6369	3448329
111	21	7	22	15	52	11425	1600904
112	17	42	50	52	91	36489	13771966
113	17	9	43	12	91	12604	3884771
114	17	24	42	79	89	12118	9545247
115	13	7	23	22	70	9870	3115178
116	11	9	30	15	93	19647	3515241
117	12	19	25	70	46	12220	4165952
118	18	6	27	39	81	4318	3132246
119	19	26	41	74	52	9515	5138340
120	17	15	37	35	50	8196	3376975
121	17	15	44	32	91	9960	5238302
122	16	7	30	29	98	6841	3491304
123	52	17	35	22	53	18978	3896121
124	14	14	32	56	37	3860	2149841
125	11	14	25	28	89	26894	5686092
126	13	52	37	79	35	20680	7223971
127	34	3	30	72	85	488	939008
128	10	29	24	72	11	7610	1412384
129	13	25	36	78	47	9815	4479444
130	23	16	42	24	79	14999	4411092
131	13	11	31	48	66	6380	2717214
132	18	13	22	74	80	12475	4865748
133	15	16	40	15	42	12266	2363616
134	17	8	26	21	54	7440	1731378
135	17	18	42	30	94	9770	4787408
136	26	10	26	73	69	4264	2934206
137	17	27	37	31	64	32413	6320906
138	16	33	50	74	76	9627	7933728
139	14	58	49	100	53	12102	8594255
140	28	12	30	54	94	8647	4789924
141	14	24	29	30	60	46708	7710450
142	20	23	31	60	11	3198	1099665
143	13	11	25	33	67	12469	3846694
144	12	32	29	74	39	18598	5329771
145	12	30	23	94	61	19664	7240771
146	16	33	41	33	14	6375	1460186
147	19	26	36	81	21	4262	2085537
148	14	12	37	54	62	4199	2850596
149	20	22	45	41	50	9453	4210075
150	18	17	47	67	74	4872	4482545
151	17	19	38	27	38	11361	2210630
152	12	67	48	61	19	18228	5618830
153	16	39	49	23	39	30164	5495923
154	14	41	44	63	34	15502	5354585
155	19	21	46	70	57	5320	3869712
156	19	33	35	95	42	6829	4288363
157	21	7	41	59	83	1500	2029359
158	24	5	21	84	46	943	985740
159	12	15	26	51	53	10815	3540212
160	10	13	29	32	87	14691	4651937
161	13	14	30	48	48	7154	2540736
162	18	27	50	34	36	9610	3545790
163	19	34	43	64	52	15411	6680856
164	15	13	42	29	88	10553	4176759
165	13	12	21	61	59	10226	2950706
166	12	66	50	73	42	34517	13074422
167	17	17	43	14	82	30733	5332810
168	12	29	38	65	47	13403	5056669
169	18	18	35	74	78	8467	5239536
170	15	81	47	98	22	20591	7001310
171	25	22	40	66	71	10625	5239924
172	13	17	30	91	97	11015	6960930
173	20	43	45	71	38	15668	6420163
174	14	16	23	67	32	8279	2356344
175	16	24	33	51	43	14519	5335820
176	33	7	22	31	47	5634	1444766
177	13	13	33	32	46	7379	2592754
178	28	12	26	46	55	8239	2788102
179	13	26	39	42	80	25399	7682674
180	22	14	50	52	65	3375	2862327
181	14	38	47	49	63	29266	12157684
182	11	16	23	53	28	4764	1727358
183	17	21	38	61	84	13990	6024373
184	15	26	30	53	35	16825	4284487
185	17	37	44	68	21	6065	2838100
186	13	54	44	43	60	40176	10947002
187	23	5	50	11	78	2962	1407942
188	18	8	30	26	82	7438	2690104
189	10	9	24	21	72	17009	3093852
190	14	20	39	23	33	13277	3086309
191	15	31	27	40	11	11320	1436102
192	17	14	40	37	28	3190	1456564
193	12	12	25	38	57	11491	3784002
194	18	20	29	75	91	18555	8538704
195	18	45	47	60	45	23086	8320335
196	17	16	33	61	77	9859	5040127
197	15	10	23	96	39	3008	1629528
198	12	9	32	19	36	5473	1471354
199	36	8	22	29	74	10838	2512455
200	13	15	21	87	48	9280	2992218
201	12	24	23	86	54	20120	6052552
202	29	19	43	84	74	6065	4813180
203	17	27	50	46	77	13548	6840841
204	12	71	43	61	10	14695	2974804
205	54	11	34	51	99	7199	3901872
206	19	26	45	54	73	13360	6247339
207	17	53	42	94	33	16345	7546952
208	19	8	34	13	52	8445	1639352
209	16	19	30	60	71	16093	6016102
210	62	21	38	48	49	4636	2731724
211	8	28	21	87	13	8620	1448773
212	21	33	49	63	69	7698	6549588
213	22	23	49	18	24	10181	1797060
214	28	5	47	15	57	1879	825321
215	17	39	48	94	38	8209	5324746
216	15	68	47	73	13	10940	3690741
217	14	15	29	31	25	7086	1550675
218	17	6	30	41	39	982	826370
219	11	32	28	79	45	18279	6655357
220	12	41	41	61	62	31366	8907180
221	22	31	44	90	64	11014	8095144
222	14	31	43	61	69	19629	7981466
223	22	37	50	48	17	5145	2012531
224	19	27	32	85	68	20180	7970909
225	21	33	49	74	58	9776	5749792
226	16	19	33	48	33	7289	2530605
227	17	27	50	80	81	9716	8081390
228	38	12	26	18	41	16785	2634296
229	10	10	21	23	59	21814	3289444
230	45	5	29	21	88	5110	1741223
231	33	13	30	56	62	5913	2948964
232	55	7	35	60	89	2107	1968871
233	9	21	20	92	42	16051	5303148
234	17	16	35	58	86	3998	3732988
235	22	26	24	31	14	13604	1549270
236	13	16	21	87	42	9365	3248772
237	16	11	32	14	24	6331	920650
238	14	19	29	77	88	14106	6254314
239	19	10	28	69	78	5444	3474819
240	20	4	32	23	41	1277	728530
241	18	12	47	25	87	7552	4054976
242	15	32	40	98	82	7331	7039040
243	13	21	34	39	52	14970	4022447
244	13	13	23	46	33	6738	2215140
245	18	45	44	60	17	8393	2383236
246	35	22	44	41	22	4441	1596679
247	18	64	48	62	15	14768	4356485
248	14	28	29	67	47	22296	6039074
249	13	15	41	20	52	11687	3177080
250	71	7	49	32	18	168	310046
251	14	38	49	75	29	7984	3500102
252	9	25	27	34	15	13501	2041930
253	14	33	40	77	33	9320	4705470
254	17	35	43	48	37	16171	5339479
255	22	16	30	67	88	12845	5816352
256	30	10	26	51	38	3976	1734643
257	14	42	44	32	13	12384	2315754
258	13	31	31	48	36	20631	4560360
259	22	16	38	37	72	7529	3783157
260	14	28	35	68	52	12688	5042952
261	22	11	36	18	53	8584	2072398
262	29	16	46	39	68	6816	3498120
263	14	43	47	95	93	24872	13869711
264	9	21	23	98	63	17735	7089474
265	15	37	36	40	20	17114	2749800
266	15	25	36	41	67	17348	6055713
267	32	7	31	14	91	7731	2411332
268	11	33	22	53	16	20697	2614796
269	26	14	21	35	33	8087	1694391
270	12	29	40	53	86	28004	11111610
271	12	15	41	25	77	11734	4458960
272	10	52	31	73	17	20377	4904152
273	19	17	34	27	59	16315	3583898
274	15	23	35	53	49	13242	4124736
275	16	7	27	10	39	8034	963511
276	20	8	21	71	53	3728	1852405
277	20	11	36	19	97	16284	3926109
278	17	28	33	89	75	18965	8861156
279	14	17	43	86	100	6531	6574112
280	14	9	22	66	65	5554	2728861
281	16	10	38	22	59	6088	1846535
282	16	20	46	12	73	40837	5665069
283	19	17	29	41	29	8631	2021178
284	16	35	32	42	11	8167	1535106
285	25	1	25	24	92	208	547820
286	14	42	33	95	38	22296	7279470
287	50	21	39	75	57	5806	3904011
288	22	11	38	36	88	7390	3363736
289	9	16	20	73	89	23323	7406992
290	13	41	30	90	25	17684	4333010
291	10	18	24	53	36	13569	3416384
292	11	43	27	64	14	16583	2914472
293	16	11	26	91	65	4424	2988908
294	15	15	32	17	23	8498	1220810
295	12	11	23	83	93	10181	4853905
296	13	21	24	87	33	10240	3323424
297	19	24	46	91	64	4721	4734779
298	13	30	45	52	75	17180	8215917
299	15	32	35	92	50	15374	6633084
300	15	20	22	89	21	4622	1725195
301	11	39	29	51	14	16686	2496076
302	13	38	32	56	26	18872	4201252
303	22	16	40	61	88	5486	4194800
304	14	17	20	33	23	11822	1569936
305	17	15	22	83	31	4751	2048890
306	18	13	44	43	32	2239	1291779
307	16	12	25	36	19	4271	847727
308	18	13	21	71	64	10351	3622408
309	14	24	42	35	50	15835	4745825
310	13	12	28	42	75	11469	4518774
311	16	34	49	38	34	14288	4334846
312	17	38	46	95	24	5628	3688940
313	16	12	23	70	47	6276	2995444
314	9	16	21	98	44	9131	4004554
315	24	17	40	66	50	4465	2818232
316	13	40	29	84	53	40337	9718287
317	23	15	42	36	100	11140	5186452
318	55	21	31	31	34	10785	2586671
319	15	51	47	59	76	48078	15952197
320	16	76	42	78	15	11381	4083966
321	16	21	30	44	33	12795	3292630
322	18	22	49	26	58	15249	4524462
323	16	38	45	67	76	22653	10600370
324	16	70	44	82	12	12564	3636490
325	20	21	34	48	68	6014	3525464
326	13	11	37	18	49	7995	2599442
327	12	27	37	98	64	11957	6940360
328	16	9	29	30	53	6034	2200381
329	18	23	47	12	20	12186	1541748
330	20	21	49	55	69	6873	4173807
331	11	92	44	94	12	17584	4436850
332	10	15	21	73	29	6192	2004362
333	16	10	49	30	67	3577	2453238
334	14	28	36	47	81	25874	8543769
335	17	62	46	99	36	18070	8213832
336	15	14	42	30	83	10108	4863289
337	12	16	26	88	60	8001	4637892
338	16	53	50	26	10	14155	1877118
339	10	76	32	78	12	29482	4766712
340	17	57	49	89	20	9044	3904603
341	20	15	48	44	98	6962	5248170
342	14	32	29	68	22	13134	3687656
343	18	10	24	37	98	17020	4784198
344	15	16	43	83	68	4220	3730023
345	16	12	39	25	45	5663	1953350
346	15	10	28	25	72	12066	3021208
347	16	29	48	16	29	19195	2961257
348	32	7	22	25	47	8118	1504117
349	14	20	37	61	78	12913	7244264
350	23	12	39	19	26	4094	1286931
351	13	14	35	58	89	8727	5436515
352	12	25	22	97	20	8380	2549325
353	18	23	30	93	30	6342	3006930
354	12	40	41	48	39	24240	6666426
355	18	41	47	92	70	18851	10954900
356	30	25	36	70	25	4428	2350555
357	14	22	38	70	81	9521	6291831
358	20	5	24	69	63	1418	1134531
359	13	13	24	33	51	13912	3338148
360	16	40	50	77	70	19804	10697330
361	14	11	22	84	31	2939	1837098
362	12	23	40	25	34	15402	3023101
363	14	67	44	100	21	16002	5838800
364	15	20	23	75	24	7427	2090631
365	26	4	23	22	62	3997	996720
366	19	22	49	45	69	10207	4711947
367	31	10	23	68	95	9226	4319313
368	12	9	29	19	84	11853	3502119
369	13	28	33	76	31	7544	3375911
370	19	35	50	93	24	4332	3059751
371	14	54	45	90	41	18086	8495360
372	16	20	24	63	24	7261	1882746
373	19	39	46	62	34	12484	4936270
374	24	17	45	47	99	9906	5783299
375	13	26	29	62	46	17037	4896974
376	19	8	26	59	48	441	895721
377	24	15	23	80	71	13811	5921731
378	12	67	43	48	13	21002	3612698
379	9	6	23	23	88	10754	2596088
380	14	20	29	74	60	11829	4962804
381	14	21	25	97	31	7248	2990430
382	19	19	45	95	93	5535	6358994
